32
10 21 2
0 1 1
1 2 1
2 3 1
3 4 1
4 5 1
5 6 1
6 7 1
7 8 1
8 9 1
9 0 1
5 9 1
6 2 1
4 7 1
7 2 1
0 2 1
3 0 1
4 1 1
8 4 1
2 5 1
6 4 1
8 2 1
15 29 5
0 1 1
1 2 1
2 3 1
3 4 1
4 5 1
5 6 1
6 7 1
7 8 1
8 9 1
9 10 1
10 11 1
11 12 1
12 13 1
13 14 1
14 0 1
6 9 1
11 4 1
1 6 1
0 8 1
10 8 1
7 10 1
8 11 1
1 11 1
14 8 1
13 7 1
11 9 1
13 4 1
10 6 1
1 14 1
5 10 1
0 1 1
1 2 1
2 3 1
3 4 1
4 0 1
2 4 1
0 3 1
3 1 1
2 0 1
1 4 1
46 117 42
0 1 1
1 2 1
2 3 1
3 4 1
4 5 1
5 6 1
6 7 1
7 8 1
8 9 1
9 10 1
10 11 1
11 12 1
12 13 1
13 14 1
14 15 1
15 16 1
16 17 1
17 18 1
18 19 1
19 20 1
20 21 1
21 22 1
22 23 1
23 24 1
24 25 1
25 26 1
26 27 1
27 28 1
28 29 1
29 30 1
30 31 1
31 32 1
32 33 1
33 34 1
34 35 1
35 36 1
36 37 1
37 38 1
38 39 1
39 40 1
40 41 1
41 42 1
42 43 1
43 44 1
44 45 1
45 0 1
35 28 1
24 27 1
14 44 1
45 35 1
9 32 1
18 28 1
33 12 1
32 14 1
11 32 1
45 41 1
39 5 1
26 10 1
13 10 1
26 0 1
34 29 1
33 4 1
19 25 1
18 31 1
28 23 1
35 2 1
13 16 1
37 33 1
24 36 1
30 1 1
27 21 1
38 10 1
22 14 1
32 22 1
8 2 1
25 16 1
19 34 1
35 18 1
1 37 1
35 40 1
31 6 1
15 33 1
29 11 1
35 33 1
16 27 1
13 9 1
44 6 1
21 44 1
35 20 1
43 1 1
17 38 1
16 5 1
34 0 1
30 35 1
32 25 1
33 14 1
35 29 1
20 43 1
43 11 1
18 40 1
24 7 1
0 31 1
26 37 1
19 13 1
0 9 1
39 13 1
30 27 1
1 14 1
18 32 1
30 22 1
7 33 1
3 24 1
13 2 1
0 44 1
13 44 1
13 26 1
28 5 1
40 186 15
0 1 1
1 2 1
2 3 1
3 4 1
4 5 1
5 6 1
6 7 1
7 8 1
8 9 1
9 10 1
10 11 1
11 12 1
12 13 1
13 14 1
14 15 1
15 16 1
16 17 1
17 18 1
18 19 1
19 20 1
20 21 1
21 22 1
22 23 1
23 24 1
24 25 1
25 26 1
26 27 1
27 28 1
28 29 1
29 30 1
30 31 1
31 32 1
32 33 1
33 34 1
34 35 1
35 36 1
36 37 1
37 38 1
38 39 1
39 0 1
27 1 1
0 18 1
39 23 1
5 26 1
18 1 1
1 7 1
26 4 1
25 33 1
1 35 1
39 34 1
13 26 1
20 6 1
2 11 1
37 15 1
15 38 1
26 8 1
30 33 1
33 4 1
22 14 1
28 4 1
32 0 1
13 38 1
27 17 1
5 32 1
26 6 1
16 22 1
10 27 1
23 37 1
2 31 1
5 17 1
19 1 1
7 20 1
26 19 1
6 32 1
11 14 1
31 15 1
0 31 1
21 9 1
11 8 1
20 30 1
17 28 1
15 9 1
25 8 1
7 23 1
8 23 1
2 38 1
28 10 1
6 19 1
11 4 1
17 20 1
25 12 1
0 23 1
9 22 1
25 5 1
28 1 1
38 36 1
13 19 1
33 26 1
32 8 1
35 30 1
5 21 1
1 4 1
34 7 1
32 15 1
13 34 1
17 9 1
16 10 1
21 1 1
29 34 1
0 5 1
5 29 1
39 21 1
38 16 1
27 9 1
26 30 1
36 34 1
13 11 1
11 31 1
7 32 1
5 28 1
22 27 1
2 17 1
17 23 1
26 28 1
31 7 1
27 24 1
32 20 1
1 14 1
29 1 1
23 4 1
34 14 1
36 16 1
11 35 1
13 9 1
0 7 1
8 0 1
3 19 1
15 0 1
14 16 1
18 24 1
16 1 1
4 34 1
20 27 1
32 35 1
13 23 1
6 9 1
10 14 1
12 28 1
13 1 1
38 23 1
36 6 1
3 23 1
27 23 1
26 10 1
15 20 1
19 12 1
22 11 1
6 21 1
24 8 1
28 14 1
30 2 1
7 30 1
28 15 1
38 18 1
34 32 1
18 20 1
29 22 1
2 22 1
5 31 1
8 31 1
13 30 1
22 34 1
27 29 1
31 14 1
30 19 1
35 5 1
0 11 1
29 23 1
36 17 1
34 21 1
9 33 1
23 10 1
31 26 1
22 35 1
16 7 1
37 5 1
71 484 41
0 1 1
1 2 1
2 3 1
3 4 1
4 5 1
5 6 1
6 7 1
7 8 1
8 9 1
9 10 1
10 11 1
11 12 1
12 13 1
13 14 1
14 15 1
15 16 1
16 17 1
17 18 1
18 19 1
19 20 1
20 21 1
21 22 1
22 23 1
23 24 1
24 25 1
25 26 1
26 27 1
27 28 1
28 29 1
29 30 1
30 31 1
31 32 1
32 33 1
33 34 1
34 35 1
35 36 1
36 37 1
37 38 1
38 39 1
39 40 1
40 41 1
41 42 1
42 43 1
43 44 1
44 45 1
45 46 1
46 47 1
47 48 1
48 49 1
49 50 1
50 51 1
51 52 1
52 53 1
53 54 1
54 55 1
55 56 1
56 57 1
57 58 1
58 59 1
59 60 1
60 61 1
61 62 1
62 63 1
63 64 1
64 65 1
65 66 1
66 67 1
67 68 1
68 69 1
69 70 1
70 0 1
15 59 1
26 21 1
17 48 1
16 5 1
30 60 1
61 48 1
44 58 1
58 27 1
14 44 1
62 36 1
35 48 1
31 65 1
47 12 1
36 9 1
51 48 1
22 10 1
14 40 1
51 43 1
70 28 1
47 22 1
11 7 1
48 60 1
17 63 1
61 57 1
14 1 1
5 52 1
50 27 1
58 7 1
53 0 1
53 16 1
3 8 1
57 18 1
66 57 1
49 57 1
61 33 1
19 58 1
51 30 1
0 27 1
24 45 1
16 58 1
14 19 1
5 64 1
70 55 1
69 48 1
62 35 1
59 20 1
27 43 1
14 10 1
36 15 1
57 35 1
27 6 1
37 44 1
1 44 1
6 11 1
6 24 1
69 58 1
52 11 1
25 17 1
60 4 1
24 65 1
43 19 1
50 26 1
55 57 1
7 43 1
25 5 1
67 24 1
69 62 1
11 49 1
36 45 1
30 28 1
0 30 1
42 26 1
69 22 1
44 48 1
65 15 1
22 26 1
38 65 1
66 54 1
46 44 1
9 1 1
12 39 1
3 1 1
69 50 1
62 49 1
28 0 1
9 0 1
46 12 1
53 27 1
41 44 1
45 53 1
25 20 1
61 37 1
43 2 1
18 39 1
10 46 1
69 56 1
7 49 1
52 0 1
58 46 1
29 26 1
62 17 1
7 18 1
49 33 1
42 21 1
42 64 1
27 29 1
63 24 1
67 62 1
44 2 1
49 47 1
32 9 1
19 28 1
4 37 1
63 7 1
38 31 1
30 5 1
62 19 1
33 11 1
25 58 1
42 18 1
26 51 1
18 22 1
68 51 1
29 70 1
8 24 1
62 70 1
6 25 1
21 31 1
9 43 1
19 29 1
37 39 1
42 15 1
24 29 1
13 40 1
54 20 1
55 65 1
65 40 1
0 49 1
36 53 1
30 20 1
8 52 1
17 28 1
46 9 1
27 19 1
54 34 1
66 40 1
65 51 1
44 9 1
39 54 1
11 5 1
45 48 1
55 61 1
41 38 1
37 22 1
61 46 1
48 38 1
48 9 1
12 10 1
49 20 1
65 43 1
65 9 1
47 28 1
44 13 1
49 39 1
66 55 1
16 37 1
22 0 1
5 8 1
28 35 1
28 55 1
41 43 1
69 55 1
44 69 1
24 60 1
9 29 1
42 35 1
20 45 1
69 2 1
48 13 1
4 12 1
15 12 1
46 28 1
60 20 1
14 49 1
60 25 1
49 43 1
15 67 1
51 45 1
2 37 1
37 31 1
59 43 1
46 35 1
58 53 1
65 60 1
16 2 1
1 30 1
13 33 1
13 26 1
53 29 1
5 3 1
63 8 1
21 12 1
57 63 1
21 9 1
23 52 1
70 65 1
65 2 1
64 13 1
54 33 1
31 70 1
44 29 1
70 7 1
68 3 1
34 22 1
4 68 1
35 37 1
26 66 1
10 29 1
45 55 1
27 51 1
22 63 1
12 30 1
46 3 1
10 69 1
14 37 1
27 44 1
56 16 1
41 33 1
23 36 1
12 64 1
14 17 1
49 46 1
46 57 1
44 57 1
35 53 1
70 18 1
20 34 1
62 12 1
45 28 1
29 68 1
60 47 1
11 40 1
47 11 1
69 38 1
49 5 1
59 64 1
55 24 1
19 31 1
26 24 1
55 42 1
20 66 1
9 39 1
62 68 1
2 29 1
32 22 1
2 15 1
33 46 1
50 45 1
16 54 1
1 5 1
4 22 1
19 15 1
31 60 1
14 26 1
7 45 1
47 14 1
56 10 1
33 30 1
2 28 1
33 44 1
40 17 1
30 27 1
40 33 1
13 22 1
3 29 1
17 31 1
15 54 1
39 61 1
48 55 1
1 64 1
68 70 1
66 15 1
67 34 1
1 37 1
63 15 1
35 22 1
49 24 1
56 70 1
10 67 1
12 45 1
58 28 1
58 18 1
64 55 1
39 57 1
15 22 1
68 25 1
11 34 1
29 31 1
7 39 1
8 45 1
54 61 1
3 48 1
24 38 1
58 63 1
58 60 1
39 31 1
56 58 1
17 24 1
54 28 1
68 61 1
54 31 1
50 52 1
43 61 1
55 2 1
27 16 1
21 19 1
57 20 1
58 8 1
44 62 1
60 49 1
35 16 1
6 61 1
69 32 1
48 12 1
10 41 1
53 3 1
33 9 1
11 63 1
41 39 1
63 0 1
49 56 1
59 18 1
39 5 1
61 50 1
66 70 1
68 48 1
68 45 1
40 19 1
41 24 1
36 49 1
2 9 1
63 18 1
39 68 1
55 36 1
48 53 1
65 32 1
22 1 1
15 53 1
57 0 1
31 67 1
56 35 1
57 4 1
52 25 1
12 57 1
11 8 1
32 64 1
26 62 1
8 10 1
39 36 1
44 49 1
59 17 1
70 12 1
36 46 1
40 50 1
33 23 1
9 31 1
52 27 1
67 13 1
14 67 1
16 50 1
62 31 1
51 8 1
7 60 1
67 3 1
62 37 1
67 54 1
55 22 1
15 51 1
44 52 1
23 9 1
61 14 1
11 39 1
69 37 1
67 65 1
49 17 1
2 22 1
59 6 1
60 21 1
1 20 1
64 41 1
42 9 1
49 12 1
56 33 1
53 14 1
54 58 1
57 53 1
25 41 1
26 49 1
30 61 1
44 4 1
67 37 1
6 44 1
49 67 1
44 17 1
15 50 1
40 48 1
12 63 1
61 12 1
0 10 1
55 34 1
40 27 1
58 49 1
39 15 1
6 12 1
0 1 1
1 2 1
2 3 1
3 4 1
4 5 1
5 0 1
4 0 1
3 0 1
1 4 1
5 3 1
1 5 1
4 2 1
75 134 25
0 1 1
1 2 1
2 3 1
3 4 1
4 5 1
5 6 1
6 7 1
7 8 1
8 9 1
9 10 1
10 11 1
11 12 1
12 13 1
13 14 1
14 15 1
15 16 1
16 17 1
17 18 1
18 19 1
19 20 1
20 21 1
21 22 1
22 23 1
23 24 1
24 25 1
25 26 1
26 27 1
27 28 1
28 29 1
29 30 1
30 31 1
31 32 1
32 33 1
33 34 1
34 35 1
35 36 1
36 37 1
37 38 1
38 39 1
39 40 1
40 41 1
41 42 1
42 43 1
43 44 1
44 45 1
45 46 1
46 47 1
47 48 1
48 49 1
49 50 1
50 51 1
51 52 1
52 53 1
53 54 1
54 55 1
55 56 1
56 57 1
57 58 1
58 59 1
59 60 1
60 61 1
61 62 1
62 63 1
63 64 1
64 65 1
65 66 1
66 67 1
67 68 1
68 69 1
69 70 1
70 71 1
71 72 1
72 73 1
73 74 1
74 0 1
61 23 1
26 44 1
46 20 1
73 1 1
28 15 1
50 57 1
58 19 1
57 54 1
42 4 1
57 13 1
65 62 1
6 28 1
38 27 1
15 53 1
5 35 1
50 36 1
44 27 1
27 2 1
47 68 1
10 0 1
53 21 1
33 3 1
49 71 1
20 44 1
36 3 1
65 6 1
41 29 1
39 36 1
62 39 1
72 13 1
23 47 1
54 46 1
67 65 1
0 54 1
8 28 1
1 13 1
32 15 1
31 69 1
17 57 1
10 50 1
37 74 1
4 34 1
59 36 1
22 28 1
2 16 1
19 46 1
22 24 1
68 14 1
20 5 1
3 57 1
26 22 1
22 55 1
67 22 1
50 1 1
39 45 1
43 40 1
44 48 1
37 17 1
12 7 1
88 316 25
0 1 1
1 2 1
2 3 1
3 4 1
4 5 1
5 6 1
6 7 1
7 8 1
8 9 1
9 10 1
10 11 1
11 12 1
12 13 1
13 14 1
14 15 1
15 16 1
16 17 1
17 18 1
18 19 1
19 20 1
20 21 1
21 22 1
22 23 1
23 24 1
24 25 1
25 26 1
26 27 1
27 28 1
28 29 1
29 30 1
30 31 1
31 32 1
32 33 1
33 34 1
34 35 1
35 36 1
36 37 1
37 38 1
38 39 1
39 40 1
40 41 1
41 42 1
42 43 1
43 44 1
44 45 1
45 46 1
46 47 1
47 48 1
48 49 1
49 50 1
50 51 1
51 52 1
52 53 1
53 54 1
54 55 1
55 56 1
56 57 1
57 58 1
58 59 1
59 60 1
60 61 1
61 62 1
62 63 1
63 64 1
64 65 1
65 66 1
66 67 1
67 68 1
68 69 1
69 70 1
70 71 1
71 72 1
72 73 1
73 74 1
74 75 1
75 76 1
76 77 1
77 78 1
78 79 1
79 80 1
80 81 1
81 82 1
82 83 1
83 84 1
84 85 1
85 86 1
86 87 1
87 0 1
43 59 1
2 68 1
28 62 1
0 43 1
51 34 1
70 67 1
7 44 1
32 49 1
44 31 1
42 15 1
78 75 1
63 19 1
20 37 1
14 4 1
10 15 1
3 58 1
25 9 1
5 10 1
40 29 1
29 65 1
77 33 1
70 78 1
21 36 1
12 87 1
71 10 1
37 76 1
0 59 1
75 6 1
29 25 1
84 29 1
15 36 1
28 58 1
67 86 1
51 5 1
52 78 1
21 31 1
63 16 1
17 14 1
30 63 1
87 22 1
56 39 1
42 16 1
86 66 1
24 27 1
73 0 1
31 67 1
42 53 1
10 31 1
50 46 1
13 7 1
27 60 1
21 86 1
78 12 1
51 20 1
47 14 1
11 87 1
7 45 1
80 68 1
56 30 1
27 72 1
86 44 1
83 20 1
51 35 1
55 72 1
43 76 1
34 46 1
66 49 1
29 19 1
3 82 1
76 26 1
18 6 1
4 78 1
22 64 1
54 62 1
50 48 1
83 77 1
9 56 1
2 40 1
10 21 1
55 34 1
10 59 1
65 46 1
52 72 1
17 15 1
72 1 1
83 4 1
9 49 1
75 23 1
80 58 1
71 58 1
74 83 1
73 40 1
32 74 1
59 39 1
63 70 1
31 69 1
40 11 1
72 49 1
83 71 1
69 75 1
87 85 1
71 55 1
5 80 1
9 6 1
46 66 1
55 38 1
26 13 1
43 74 1
51 13 1
25 33 1
6 20 1
72 64 1
58 33 1
62 47 1
6 87 1
57 75 1
30 34 1
24 81 1
85 23 1
81 70 1
37 52 1
75 61 1
21 81 1
69 80 1
74 87 1
15 50 1
26 16 1
7 77 1
77 24 1
12 10 1
44 3 1
39 30 1
59 29 1
65 1 1
79 70 1
22 65 1
65 19 1
76 36 1
56 78 1
32 3 1
25 18 1
86 57 1
8 21 1
13 49 1
64 36 1
82 5 1
74 25 1
84 76 1
5 28 1
1 17 1
85 64 1
73 10 1
79 8 1
50 6 1
19 1 1
67 18 1
51 1 1
46 22 1
84 48 1
39 75 1
18 78 1
34 32 1
40 38 1
20 22 1
8 49 1
72 0 1
16 54 1
5 31 1
14 8 1
86 53 1
74 40 1
41 61 1
13 66 1
31 86 1
17 23 1
3 45 1
25 10 1
27 18 1
67 47 1
16 53 1
2 26 1
63 44 1
56 74 1
39 84 1
20 77 1
67 7 1
37 69 1
85 81 1
76 50 1
6 39 1
39 20 1
68 31 1
2 42 1
77 14 1
17 26 1
4 87 1
33 17 1
71 13 1
62 36 1
73 17 1
56 14 1
12 65 1
74 48 1
22 63 1
32 55 1
18 4 1
31 76 1
79 39 1
76 60 1
53 28 1
80 53 1
70 77 1
69 86 1
28 64 1
65 20 1
17 58 1
24 20 1
21 13 1
64 21 1
85 8 1
2 65 1
44 9 1
57 41 1
66 75 1
42 58 1
65 62 1
12 82 1
81 69 1
43 278 16
0 1 1
1 2 1
2 3 1
3 4 1
4 5 1
5 6 1
6 7 1
7 8 1
8 9 1
9 10 1
10 11 1
11 12 1
12 13 1
13 14 1
14 15 1
15 16 1
16 17 1
17 18 1
18 19 1
19 20 1
20 21 1
21 22 1
22 23 1
23 24 1
24 25 1
25 26 1
26 27 1
27 28 1
28 29 1
29 30 1
30 31 1
31 32 1
32 33 1
33 34 1
34 35 1
35 36 1
36 37 1
37 38 1
38 39 1
39 40 1
40 41 1
41 42 1
42 0 1
21 23 1
19 29 1
7 33 1
3 18 1
41 4 1
5 22 1
31 40 1
30 39 1
7 16 1
14 11 1
22 29 1
20 39 1
4 18 1
21 14 1
32 7 1
8 22 1
22 11 1
42 34 1
42 17 1
5 39 1
8 4 1
29 6 1
7 39 1
24 6 1
40 42 1
20 23 1
5 36 1
11 0 1
16 37 1
10 4 1
20 22 1
12 24 1
17 8 1
8 20 1
1 14 1
1 23 1
10 35 1
16 9 1
0 5 1
10 14 1
27 5 1
19 25 1
9 12 1
1 3 1
10 13 1
25 12 1
41 6 1
4 23 1
27 35 1
38 2 1
41 37 1
21 41 1
33 6 1
29 26 1
22 25 1
35 23 1
12 30 1
13 27 1
42 26 1
41 31 1
3 42 1
16 34 1
33 19 1
34 25 1
2 5 1
12 0 1
26 9 1
38 22 1
18 9 1
16 18 1
15 10 1
22 2 1
20 40 1
32 12 1
11 33 1
1 20 1
12 15 1
32 18 1
38 28 1
5 14 1
42 35 1
1 9 1
27 2 1
21 17 1
11 4 1
3 0 1
7 15 1
39 0 1
3 12 1
22 13 1
8 26 1
28 3 1
19 34 1
21 5 1
21 2 1
23 12 1
5 26 1
12 17 1
14 0 1
9 37 1
41 38 1
12 22 1
18 11 1
26 1 1
38 14 1
4 31 1
37 15 1
41 1 1
20 13 1
29 35 1
2 39 1
35 38 1
18 2 1
3 7 1
33 36 1
23 13 1
21 40 1
27 22 1
16 41 1
8 24 1
26 17 1
27 0 1
15 21 1
36 4 1
30 27 1
24 7 1
2 29 1
6 37 1
32 42 1
18 27 1
8 29 1
37 17 1
26 7 1
24 34 1
42 23 1
30 36 1
19 6 1
25 10 1
17 20 1
5 9 1
38 5 1
35 1 1
10 20 1
26 6 1
9 42 1
41 11 1
30 23 1
31 5 1
2 24 1
16 11 1
19 37 1
2 9 1
2 36 1
40 2 1
32 3 1
32 20 1
19 16 1
8 37 1
6 0 1
18 23 1
26 32 1
10 21 1
39 8 1
30 40 1
16 42 1
12 27 1
15 42 1
11 27 1
31 27 1
19 22 1
8 11 1
3 11 1
5 24 1
1 15 1
10 16 1
20 14 1
19 10 1
9 35 1
15 3 1
28 12 1
0 15 1
5 33 1
21 38 1
3 21 1
38 17 1
1 33 1
14 2 1
19 7 1
4 32 1
15 29 1
17 27 1
14 23 1
40 28 1
17 41 1
37 33 1
3 30 1
26 11 1
0 23 1
8 21 1
36 0 1
32 39 1
26 39 1
7 14 1
7 30 1
29 7 1
33 41 1
25 18 1
27 39 1
3 41 1
18 39 1
27 32 1
11 7 1
16 23 1
11 40 1
12 36 1
6 22 1
1 12 1
20 5 1
19 11 1
40 0 1
33 10 1
13 19 1
42 11 1
28 39 1
34 5 1
4 38 1
1 37 1
22 39 1
0 21 1
13 21 1
15 39 1
1 25 1
19 36 1
22 26 1
15 28 1
65 127 42
0 1 1
1 2 1
2 3 1
3 4 1
4 5 1
5 6 1
6 7 1
7 8 1
8 9 1
9 10 1
10 11 1
11 12 1
12 13 1
13 14 1
14 15 1
15 16 1
16 17 1
17 18 1
18 19 1
19 20 1
20 21 1
21 22 1
22 23 1
23 24 1
24 25 1
25 26 1
26 27 1
27 28 1
28 29 1
29 30 1
30 31 1
31 32 1
32 33 1
33 34 1
34 35 1
35 36 1
36 37 1
37 38 1
38 39 1
39 40 1
40 41 1
41 42 1
42 43 1
43 44 1
44 45 1
45 46 1
46 47 1
47 48 1
48 49 1
49 50 1
50 51 1
51 52 1
52 53 1
53 54 1
54 55 1
55 56 1
56 57 1
57 58 1
58 59 1
59 60 1
60 61 1
61 62 1
62 63 1
63 64 1
64 0 1
0 16 1
45 41 1
14 11 1
56 18 1
53 31 1
0 60 1
7 48 1
5 3 1
10 33 1
30 26 1
61 32 1
11 62 1
10 29 1
58 41 1
61 20 1
58 32 1
18 57 1
20 36 1
62 40 1
34 64 1
15 32 1
37 57 1
16 48 1
53 22 1
54 36 1
53 25 1
35 7 1
49 30 1
63 59 1
58 4 1
12 45 1
38 4 1
8 52 1
52 18 1
46 24 1
60 11 1
60 9 1
44 20 1
6 50 1
23 25 1
59 18 1
63 38 1
15 22 1
46 11 1
45 1 1
57 59 1
0 57 1
26 8 1
31 36 1
60 32 1
27 6 1
40 14 1
31 38 1
14 5 1
41 46 1
54 26 1
17 62 1
24 22 1
21 50 1
62 59 1
31 7 1
51 0 1
45 246 2
0 1 1
1 2 1
2 3 1
3 4 1
4 5 1
5 6 1
6 7 1
7 8 1
8 9 1
9 10 1
10 11 1
11 12 1
12 13 1
13 14 1
14 15 1
15 16 1
16 17 1
17 18 1
18 19 1
19 20 1
20 21 1
21 22 1
22 23 1
23 24 1
24 25 1
25 26 1
26 27 1
27 28 1
28 29 1
29 30 1
30 31 1
31 32 1
32 33 1
33 34 1
34 35 1
35 36 1
36 37 1
37 38 1
38 39 1
39 40 1
40 41 1
41 42 1
42 43 1
43 44 1
44 0 1
4 42 1
15 4 1
1 6 1
44 24 1
1 38 1
24 17 1
22 13 1
6 9 1
36 5 1
9 43 1
38 26 1
39 26 1
36 6 1
19 41 1
26 9 1
24 19 1
1 39 1
0 27 1
34 20 1
40 1 1
38 8 1
4 31 1
34 13 1
30 7 1
9 20 1
39 41 1
40 42 1
9 44 1
37 18 1
31 37 1
24 16 1
15 42 1
33 8 1
36 2 1
35 9 1
24 41 1
25 35 1
29 7 1
34 28 1
28 19 1
41 17 1
1 17 1
3 11 1
26 21 1
8 12 1
0 5 1
35 7 1
29 4 1
40 22 1
27 25 1
11 15 1
22 37 1
19 1 1
18 30 1
39 5 1
31 33 1
2 38 1
27 39 1
37 3 1
19 27 1
16 37 1
9 19 1
39 11 1
27 34 1
25 1 1
31 41 1
27 4 1
14 37 1
13 35 1
44 10 1
1 8 1
38 10 1
41 2 1
36 12 1
29 38 1
0 4 1
5 32 1
36 8 1
21 9 1
1 36 1
23 43 1
23 5 1
33 23 1
18 15 1
1 15 1
29 43 1
23 31 1
0 11 1
11 25 1
3 28 1
31 29 1
7 13 1
4 30 1
22 44 1
0 12 1
16 44 1
7 31 1
22 32 1
11 9 1
16 1 1
41 20 1
13 8 1
1 26 1
24 29 1
39 24 1
19 38 1
29 9 1
14 27 1
40 21 1
17 28 1
44 23 1
16 22 1
23 7 1
30 44 1
15 17 1
3 1 1
43 15 1
10 27 1
34 6 1
23 19 1
0 22 1
22 5 1
13 28 1
26 23 1
32 28 1
43 36 1
37 34 1
31 16 1
8 15 1
11 5 1
15 7 1
30 9 1
32 40 1
34 5 1
2 8 1
42 35 1
14 35 1
0 20 1
15 3 1
29 23 1
18 9 1
31 35 1
3 0 1
41 10 1
42 39 1
18 12 1
6 33 1
9 42 1
9 41 1
9 25 1
22 43 1
12 5 1
18 35 1
19 3 1
7 3 1
17 43 1
14 10 1
23 18 1
5 41 1
20 24 1
10 30 1
40 34 1
43 35 1
10 16 1
24 8 1
20 39 1
33 10 1
44 4 1
3 6 1
40 15 1
35 15 1
9 37 1
18 2 1
24 31 1
26 31 1
14 24 1
13 36 1
30 41 1
4 41 1
17 22 1
16 13 1
28 8 1
42 37 1
21 34 1
34 32 1
15 44 1
4 14 1
16 42 1
23 13 1
15 2 1
39 19 1
30 38 1
38 20 1
37 24 1
5 20 1
43 24 1
8 19 1
40 8 1
14 44 1
19 21 1
0 23 1
50 243 7
0 1 1
1 2 1
2 3 1
3 4 1
4 5 1
5 6 1
6 7 1
7 8 1
8 9 1
9 10 1
10 11 1
11 12 1
12 13 1
13 14 1
14 15 1
15 16 1
16 17 1
17 18 1
18 19 1
19 20 1
20 21 1
21 22 1
22 23 1
23 24 1
24 25 1
25 26 1
26 27 1
27 28 1
28 29 1
29 30 1
30 31 1
31 32 1
32 33 1
33 34 1
34 35 1
35 36 1
36 37 1
37 38 1
38 39 1
39 40 1
40 41 1
41 42 1
42 43 1
43 44 1
44 45 1
45 46 1
46 47 1
47 48 1
48 49 1
49 0 1
40 29 1
21 36 1
36 13 1
14 46 1
49 29 1
18 21 1
41 10 1
3 28 1
0 13 1
33 17 1
36 41 1
42 22 1
14 38 1
8 19 1
20 31 1
20 9 1
29 22 1
10 14 1
14 4 1
46 0 1
15 7 1
8 45 1
36 10 1
24 4 1
33 11 1
11 8 1
23 45 1
35 29 1
40 8 1
15 33 1
19 47 1
29 13 1
6 34 1
33 22 1
25 29 1
30 27 1
9 42 1
15 31 1
43 47 1
19 10 1
17 48 1
46 39 1
47 8 1
38 16 1
36 31 1
38 43 1
24 10 1
1 10 1
24 17 1
9 40 1
7 14 1
8 30 1
0 22 1
7 22 1
42 30 1
40 49 1
48 38 1
18 11 1
41 17 1
25 34 1
15 12 1
34 37 1
28 40 1
17 11 1
19 1 1
25 14 1
33 37 1
3 48 1
23 13 1
31 40 1
2 0 1
6 16 1
5 8 1
36 17 1
35 48 1
28 1 1
47 5 1
6 45 1
43 3 1
11 21 1
17 32 1
37 17 1
17 3 1
16 8 1
15 9 1
35 17 1
44 15 1
41 6 1
2 30 1
20 22 1
23 30 1
38 29 1
19 37 1
28 23 1
23 41 1
26 42 1
22 10 1
4 25 1
40 3 1
19 6 1
28 7 1
10 20 1
33 10 1
42 33 1
30 20 1
20 26 1
10 29 1
18 48 1
9 13 1
13 24 1
7 35 1
2 34 1
33 45 1
7 39 1
5 48 1
37 1 1
8 34 1
17 46 1
47 1 1
31 7 1
7 45 1
23 26 1
22 19 1
3 44 1
21 12 1
30 11 1
41 38 1
42 44 1
34 26 1
20 0 1
49 25 1
34 48 1
46 3 1
4 45 1
26 6 1
9 44 1
38 12 1
21 9 1
13 17 1
33 39 1
17 43 1
2 25 1
40 32 1
11 28 1
31 39 1
22 13 1
30 24 1
30 34 1
19 29 1
25 33 1
26 47 1
9 3 1
35 1 1
44 34 1
10 5 1
38 3 1
45 42 1
42 8 1
31 4 1
43 30 1
41 3 1
35 4 1
24 43 1
49 36 1
36 18 1
1 11 1
24 21 1
4 49 1
40 45 1
12 19 1
13 26 1
1 20 1
6 12 1
45 25 1
30 14 1
34 5 1
28 38 1
11 3 1
16 5 1
30 46 1
33 20 1
21 30 1
19 3 1
12 42 1
36 32 1
17 23 1
2 44 1
2 14 1
28 31 1
48 12 1
41 45 1
34 4 1
40 43 1
13 25 1
0 1 1
1 2 1
2 3 1
3 4 1
4 5 1
5 6 1
6 7 1
7 8 1
8 9 1
9 10 1
10 11 1
11 12 1
12 0 1
7 2 1
6 9 1
5 0 1
12 4 1
10 3 1
5 10 1
12 3 1
2 12 1
3 6 1
8 4 1
2 4 1
4 0 1
61 483 31
0 1 1
1 2 1
2 3 1
3 4 1
4 5 1
5 6 1
6 7 1
7 8 1
8 9 1
9 10 1
10 11 1
11 12 1
12 13 1
13 14 1
14 15 1
15 16 1
16 17 1
17 18 1
18 19 1
19 20 1
20 21 1
21 22 1
22 23 1
23 24 1
24 25 1
25 26 1
26 27 1
27 28 1
28 29 1
29 30 1
30 31 1
31 32 1
32 33 1
33 34 1
34 35 1
35 36 1
36 37 1
37 38 1
38 39 1
39 40 1
40 41 1
41 42 1
42 43 1
43 44 1
44 45 1
45 46 1
46 47 1
47 48 1
48 49 1
49 50 1
50 51 1
51 52 1
52 53 1
53 54 1
54 55 1
55 56 1
56 57 1
57 58 1
58 59 1
59 60 1
60 0 1
15 21 1
38 24 1
11 27 1
9 40 1
32 40 1
28 0 1
48 12 1
49 8 1
35 47 1
23 27 1
55 21 1
16 18 1
24 57 1
31 11 1
30 18 1
24 3 1
38 25 1
42 46 1
43 2 1
53 24 1
0 22 1
8 11 1
40 10 1
52 30 1
34 5 1
33 9 1
2 50 1
12 55 1
56 60 1
8 57 1
9 45 1
14 41 1
37 26 1
11 32 1
29 45 1
12 1 1
18 40 1
49 52 1
29 46 1
0 44 1
11 16 1
9 46 1
32 3 1
24 13 1
13 59 1
22 26 1
7 32 1
28 16 1
51 60 1
3 30 1
18 32 1
5 24 1
37 50 1
45 53 1
55 39 1
31 19 1
47 22 1
55 59 1
16 42 1
51 44 1
18 13 1
44 55 1
19 6 1
36 34 1
47 4 1
48 16 1
16 29 1
2 37 1
19 1 1
43 30 1
10 17 1
55 22 1
33 55 1
23 6 1
4 19 1
49 33 1
0 31 1
54 13 1
25 36 1
42 9 1
29 51 1
12 56 1
37 7 1
52 41 1
7 52 1
21 23 1
42 25 1
35 41 1
37 51 1
5 16 1
7 15 1
25 9 1
0 21 1
30 2 1
26 35 1
14 4 1
36 21 1
19 27 1
59 36 1
2 58 1
16 25 1
44 53 1
39 2 1
55 45 1
34 44 1
52 2 1
16 8 1
25 21 1
44 54 1
0 37 1
13 19 1
58 50 1
59 23 1
17 1 1
60 44 1
16 54 1
2 31 1
57 41 1
54 2 1
58 7 1
58 10 1
59 37 1
21 30 1
31 44 1
53 40 1
29 6 1
24 33 1
14 12 1
42 18 1
2 40 1
22 50 1
35 39 1
34 20 1
19 3 1
11 41 1
3 57 1
18 10 1
55 46 1
54 47 1
0 47 1
15 54 1
47 52 1
19 52 1
25 35 1
34 14 1
40 17 1
31 37 1
19 39 1
5 51 1
10 53 1
12 23 1
12 4 1
8 59 1
19 33 1
35 53 1
43 3 1
17 26 1
14 2 1
14 31 1
51 57 1
5 48 1
20 29 1
41 50 1
45 50 1
34 3 1
56 48 1
47 24 1
20 54 1
31 25 1
12 58 1
56 23 1
10 15 1
55 17 1
23 15 1
38 48 1
54 29 1
25 18 1
8 41 1
35 18 1
4 48 1
29 39 1
48 42 1
21 42 1
9 24 1
35 49 1
52 16 1
52 43 1
19 23 1
0 20 1
60 35 1
14 27 1
48 11 1
60 30 1
14 7 1
34 46 1
29 41 1
19 10 1
20 50 1
59 34 1
33 44 1
33 37 1
49 40 1
41 2 1
12 0 1
20 33 1
50 42 1
40 33 1
19 37 1
9 54 1
5 14 1
8 60 1
22 49 1
56 15 1
0 8 1
34 21 1
44 20 1
56 26 1
2 46 1
6 28 1
56 4 1
60 37 1
21 28 1
35 5 1
11 20 1
50 5 1
23 50 1
32 50 1
18 48 1
36 32 1
14 10 1
47 11 1
39 45 1
16 3 1
53 38 1
19 25 1
39 49 1
46 18 1
0 55 1
41 59 1
36 47 1
25 28 1
38 43 1
13 32 1
38 11 1
17 39 1
36 7 1
47 25 1
36 2 1
5 15 1
17 13 1
36 45 1
2 53 1
18 52 1
14 39 1
10 43 1
6 60 1
52 17 1
32 29 1
25 44 1
27 9 1
57 13 1
60 14 1
20 42 1
20 6 1
35 8 1
38 28 1
17 6 1
60 57 1
27 15 1
27 60 1
37 6 1
11 25 1
21 54 1
16 34 1
37 42 1
1 59 1
5 13 1
27 0 1
27 29 1
44 18 1
34 8 1
26 28 1
12 36 1
31 36 1
19 48 1
28 12 1
17 53 1
0 19 1
15 40 1
11 36 1
46 56 1
22 36 1
10 49 1
26 51 1
1 56 1
22 18 1
11 58 1
49 19 1
48 26 1
11 35 1
38 30 1
42 52 1
25 8 1
58 52 1
31 60 1
44 57 1
49 15 1
30 40 1
44 21 1
27 32 1
33 28 1
13 52 1
21 4 1
1 52 1
30 13 1
31 39 1
19 43 1
26 7 1
58 9 1
58 14 1
36 8 1
48 52 1
40 47 1
44 22 1
1 42 1
30 58 1
51 41 1
8 52 1
33 14 1
55 51 1
46 41 1
29 3 1
33 58 1
26 8 1
60 43 1
17 19 1
54 42 1
37 40 1
27 12 1
0 33 1
10 27 1
14 0 1
31 41 1
30 0 1
43 24 1
60 25 1
55 47 1
25 30 1
6 34 1
41 27 1
51 12 1
60 9 1
23 1 1
33 18 1
34 29 1
59 20 1
45 15 1
46 35 1
10 52 1
43 14 1
11 57 1
52 14 1
53 22 1
3 35 1
4 49 1
55 6 1
13 26 1
39 11 1
4 8 1
32 24 1
53 36 1
46 54 1
24 59 1
53 49 1
3 55 1
48 8 1
44 36 1
4 10 1
23 60 1
48 17 1
40 24 1
36 4 1
59 49 1
32 45 1
34 4 1
4 2 1
3 25 1
41 19 1
34 28 1
14 6 1
54 56 1
1 18 1
13 33 1
11 28 1
4 24 1
60 20 1
43 55 1
55 42 1
48 33 1
18 2 1
38 33 1
41 38 1
58 60 1
3 1 1
31 16 1
50 54 1
42 47 1
2 45 1
17 29 1
21 6 1
50 15 1
17 21 1
6 53 1
48 13 1
1 31 1
25 5 1
7 57 1
30 22 1
51 6 1
59 18 1
56 45 1
30 26 1
85 202 59
0 1 1
1 2 1
2 3 1
3 4 1
4 5 1
5 6 1
6 7 1
7 8 1
8 9 1
9 10 1
10 11 1
11 12 1
12 13 1
13 14 1
14 15 1
15 16 1
16 17 1
17 18 1
18 19 1
19 20 1
20 21 1
21 22 1
22 23 1
23 24 1
24 25 1
25 26 1
26 27 1
27 28 1
28 29 1
29 30 1
30 31 1
31 32 1
32 33 1
33 34 1
34 35 1
35 36 1
36 37 1
37 38 1
38 39 1
39 40 1
40 41 1
41 42 1
42 43 1
43 44 1
44 45 1
45 46 1
46 47 1
47 48 1
48 49 1
49 50 1
50 51 1
51 52 1
52 53 1
53 54 1
54 55 1
55 56 1
56 57 1
57 58 1
58 59 1
59 60 1
60 61 1
61 62 1
62 63 1
63 64 1
64 65 1
65 66 1
66 67 1
67 68 1
68 69 1
69 70 1
70 71 1
71 72 1
72 73 1
73 74 1
74 75 1
75 76 1
76 77 1
77 78 1
78 79 1
79 80 1
80 81 1
81 82 1
82 83 1
83 84 1
84 0 1
32 71 1
7 77 1
49 73 1
15 38 1
20 71 1
79 29 1
56 2 1
27 40 1
8 20 1
42 20 1
45 1 1
71 45 1
69 14 1
77 61 1
2 50 1
15 47 1
63 72 1
37 7 1
61 16 1
39 80 1
42 7 1
11 7 1
0 30 1
13 39 1
60 50 1
5 39 1
79 74 1
17 75 1
30 53 1
64 48 1
8 25 1
4 24 1
22 50 1
14 27 1
33 46 1
68 46 1
13 43 1
49 18 1
10 35 1
31 78 1
31 41 1
60 3 1
42 79 1
54 65 1
84 42 1
66 27 1
26 43 1
70 84 1
7 2 1
34 69 1
30 38 1
56 71 1
42 60 1
24 47 1
1 61 1
35 79 1
16 54 1
36 57 1
45 12 1
40 78 1
20 60 1
55 17 1
51 6 1
76 32 1
3 48 1
57 8 1
42 16 1
75 36 1
16 72 1
37 71 1
80 5 1
60 76 1
13 1 1
54 25 1
14 71 1
45 78 1
32 36 1
75 72 1
17 79 1
37 49 1
8 4 1
55 29 1
41 50 1
84 50 1
53 4 1
3 37 1
28 19 1
73 61 1
76 78 1
41 12 1
13 26 1
31 37 1
32 19 1
39 28 1
72 52 1
32 13 1
51 21 1
47 26 1
50 66 1
39 27 1
13 70 1
31 0 1
69 38 1
40 1 1
14 38 1
62 37 1
52 64 1
33 72 1
38 68 1
24 1 1
27 1 1
76 30 1
35 24 1
30 33 1
79 71 1
26 84 1
39 65 1
69 367 13
0 1 1
1 2 1
2 3 1
3 4 1
4 5 1
5 6 1
6 7 1
7 8 1
8 9 1
9 10 1
10 11 1
11 12 1
12 13 1
13 14 1
14 15 1
15 16 1
16 17 1
17 18 1
18 19 1
19 20 1
20 21 1
21 22 1
22 23 1
23 24 1
24 25 1
25 26 1
26 27 1
27 28 1
28 29 1
29 30 1
30 31 1
31 32 1
32 33 1
33 34 1
34 35 1
35 36 1
36 37 1
37 38 1
38 39 1
39 40 1
40 41 1
41 42 1
42 43 1
43 44 1
44 45 1
45 46 1
46 47 1
47 48 1
48 49 1
49 50 1
50 51 1
51 52 1
52 53 1
53 54 1
54 55 1
55 56 1
56 57 1
57 58 1
58 59 1
59 60 1
60 61 1
61 62 1
62 63 1
63 64 1
64 65 1
65 66 1
66 67 1
67 68 1
68 0 1
52 9 1
67 16 1
51 19 1
57 68 1
27 37 1
18 26 1
1 15 1
33 59 1
59 6 1
13 49 1
10 20 1
36 44 1
47 42 1
3 33 1
15 45 1
20 18 1
4 0 1
49 0 1
48 14 1
62 59 1
17 40 1
4 37 1
31 22 1
43 3 1
67 4 1
34 65 1
23 21 1
67 29 1
40 66 1
9 39 1
40 45 1
65 19 1
43 35 1
53 6 1
66 7 1
57 50 1
60 1 1
68 20 1
11 27 1
32 16 1
8 14 1
50 22 1
38 41 1
27 15 1
31 67 1
63 7 1
34 25 1
30 26 1
14 27 1
15 17 1
29 24 1
58 13 1
29 33 1
52 33 1
31 12 1
40 49 1
8 31 1
13 38 1
48 6 1
63 36 1
5 12 1
48 23 1
1 46 1
50 2 1
10 51 1
28 50 1
2 13 1
55 26 1
57 45 1
12 66 1
11 20 1
44 63 1
11 30 1
13 3 1
20 9 1
31 68 1
66 63 1
32 0 1
0 57 1
30 4 1
21 48 1
66 49 1
47 35 1
60 19 1
11 21 1
36 32 1
48 7 1
42 66 1
18 48 1
53 61 1
37 55 1
64 39 1
25 14 1
52 47 1
17 22 1
14 0 1
25 56 1
68 59 1
17 24 1
48 36 1
22 62 1
18 14 1
0 62 1
37 8 1
63 19 1
29 60 1
20 1 1
30 6 1
52 32 1
3 26 1
12 44 1
18 38 1
65 5 1
37 30 1
31 36 1
67 56 1
40 6 1
10 0 1
23 27 1
19 6 1
37 18 1
55 24 1
61 28 1
48 31 1
42 29 1
40 15 1
24 33 1
21 56 1
4 27 1
31 40 1
34 4 1
25 57 1
52 46 1
24 32 1
16 33 1
50 44 1
27 6 1
50 38 1
55 19 1
16 0 1
46 38 1
3 54 1
27 65 1
58 29 1
66 30 1
3 38 1
56 12 1
64 2 1
37 60 1
22 10 1
60 14 1
66 29 1
62 56 1
25 59 1
62 60 1
35 54 1
32 43 1
62 51 1
3 53 1
4 62 1
48 33 1
47 58 1
2 63 1
59 61 1
51 65 1
59 41 1
31 64 1
17 65 1
56 5 1
52 54 1
19 49 1
17 54 1
19 26 1
28 45 1
0 60 1
7 12 1
10 53 1
52 18 1
59 48 1
10 14 1
50 54 1
68 25 1
61 47 1
32 37 1
35 0 1
66 38 1
2 61 1
63 20 1
66 0 1
41 24 1
7 9 1
47 8 1
17 6 1
52 6 1
14 47 1
51 32 1
55 21 1
2 0 1
46 44 1
50 66 1
65 41 1
61 6 1
39 15 1
66 16 1
48 13 1
46 10 1
8 45 1
56 49 1
17 10 1
60 57 1
54 29 1
23 46 1
12 16 1
31 54 1
35 9 1
13 66 1
59 0 1
61 31 1
48 58 1
34 22 1
27 17 1
16 42 1
32 67 1
43 2 1
14 51 1
20 61 1
11 31 1
53 56 1
33 25 1
60 6 1
21 58 1
63 56 1
9 40 1
50 6 1
1 59 1
0 18 1
40 59 1
60 46 1
62 52 1
45 49 1
12 61 1
48 66 1
37 54 1
1 51 1
30 36 1
9 11 1
25 7 1
1 24 1
20 2 1
32 66 1
21 18 1
6 55 1
11 25 1
51 66 1
4 46 1
62 64 1
62 40 1
35 40 1
58 42 1
10 27 1
45 27 1
13 60 1
6 29 1
9 68 1
37 63 1
11 23 1
53 49 1
30 28 1
15 12 1
37 40 1
68 38 1
28 15 1
62 41 1
0 53 1
66 8 1
68 4 1
8 30 1
65 12 1
55 49 1
64 44 1
48 38 1
34 31 1
15 35 1
65 49 1
67 17 1
56 8 1
45 68 1
36 41 1
61 25 1
67 45 1
13 62 1
8 29 1
8 63 1
7 35 1
22 42 1
13 46 1
25 47 1
35 20 1
35 64 12
0 1 1
1 2 1
2 3 1
3 4 1
4 5 1
5 6 1
6 7 1
7 8 1
8 9 1
9 10 1
10 11 1
11 12 1
12 13 1
13 14 1
14 15 1
15 16 1
16 17 1
17 18 1
18 19 1
19 20 1
20 21 1
21 22 1
22 23 1
23 24 1
24 25 1
25 26 1
26 27 1
27 28 1
28 29 1
29 30 1
30 31 1
31 32 1
32 33 1
33 34 1
34 0 1
27 15 1
14 3 1
1 3 1
10 3 1
14 1 1
2 28 1
8 15 1
34 13 1
20 12 1
18 1 1
25 3 1
34 10 1
25 10 1
16 9 1
34 16 1
22 30 1
32 30 1
19 25 1
32 1 1
24 19 1
9 24 1
4 17 1
26 34 1
17 34 1
14 21 1
20 18 1
12 16 1
7 1 1
32 8 1
85 975 46
0 1 1
1 2 1
2 3 1
3 4 1
4 5 1
5 6 1
6 7 1
7 8 1
8 9 1
9 10 1
10 11 1
11 12 1
12 13 1
13 14 1
14 15 1
15 16 1
16 17 1
17 18 1
18 19 1
19 20 1
20 21 1
21 22 1
22 23 1
23 24 1
24 25 1
25 26 1
26 27 1
27 28 1
28 29 1
29 30 1
30 31 1
31 32 1
32 33 1
33 34 1
34 35 1
35 36 1
36 37 1
37 38 1
38 39 1
39 40 1
40 41 1
41 42 1
42 43 1
43 44 1
44 45 1
45 46 1
46 47 1
47 48 1
48 49 1
49 50 1
50 51 1
51 52 1
52 53 1
53 54 1
54 55 1
55 56 1
56 57 1
57 58 1
58 59 1
59 60 1
60 61 1
61 62 1
62 63 1
63 64 1
64 65 1
65 66 1
66 67 1
67 68 1
68 69 1
69 70 1
70 71 1
71 72 1
72 73 1
73 74 1
74 75 1
75 76 1
76 77 1
77 78 1
78 79 1
79 80 1
80 81 1
81 82 1
82 83 1
83 84 1
84 0 1
18 53 1
43 50 1
59 48 1
69 3 1
65 19 1
5 74 1
45 16 1
16 60 1
41 29 1
5 39 1
19 80 1
2 60 1
68 16 1
49 66 1
50 10 1
2 25 1
59 26 1
3 44 1
56 33 1
7 17 1
77 62 1
81 43 1
70 18 1
43 67 1
39 73 1
47 51 1
35 79 1
72 36 1
38 57 1
48 19 1
19 39 1
83 46 1
54 75 1
12 47 1
68 32 1
54 33 1
0 74 1
25 47 1
38 64 1
58 68 1
6 52 1
50 15 1
10 51 1
6 57 1
75 42 1
18 55 1
11 84 1
7 56 1
65 3 1
19 8 1
21 10 1
66 48 1
31 60 1
81 58 1
34 0 1
81 41 1
54 82 1
1 24 1
39 74 1
82 53 1
26 82 1
4 45 1
30 17 1
53 37 1
16 40 1
8 31 1
56 41 1
33 64 1
0 82 1
20 36 1
8 55 1
8 23 1
11 31 1
72 44 1
3 15 1
4 54 1
26 51 1
54 30 1
72 79 1
55 63 1
58 13 1
60 78 1
66 56 1
29 18 1
35 81 1
0 3 1
58 56 1
9 7 1
13 34 1
64 58 1
22 13 1
68 10 1
81 51 1
70 31 1
58 72 1
84 76 1
57 63 1
41 28 1
60 62 1
62 46 1
20 16 1
9 70 1
55 35 1
60 54 1
34 24 1
78 56 1
34 72 1
37 68 1
36 67 1
41 34 1
24 48 1
63 2 1
57 4 1
71 63 1
75 60 1
74 11 1
59 30 1
78 8 1
30 20 1
30 40 1
60 37 1
83 72 1
50 21 1
33 19 1
42 15 1
37 69 1
36 6 1
19 46 1
68 50 1
57 30 1
53 2 1
30 55 1
55 68 1
63 65 1
43 28 1
18 74 1
43 35 1
49 19 1
71 20 1
30 61 1
7 39 1
42 1 1
22 70 1
41 55 1
27 42 1
30 34 1
51 4 1
81 47 1
78 22 1
16 31 1
62 40 1
29 84 1
71 25 1
40 12 1
65 76 1
15 41 1
42 38 1
25 59 1
70 73 1
45 53 1
64 13 1
73 47 1
61 11 1
75 21 1
61 48 1
70 35 1
46 57 1
30 7 1
32 51 1
19 17 1
63 58 1
76 66 1
18 54 1
76 80 1
21 84 1
79 84 1
19 38 1
23 64 1
36 81 1
36 70 1
80 59 1
61 39 1
4 14 1
26 67 1
23 63 1
13 49 1
59 67 1
39 46 1
35 53 1
23 26 1
45 12 1
6 65 1
51 55 1
8 21 1
47 33 1
76 25 1
29 61 1
44 37 1
32 40 1
48 32 1
51 75 1
16 74 1
19 13 1
31 1 1
2 32 1
52 67 1
81 8 1
31 7 1
60 29 1
16 66 1
62 56 1
74 33 1
53 23 1
79 61 1
53 48 1
18 28 1
52 13 1
69 80 1
7 20 1
28 33 1
73 9 1
68 3 1
67 24 1
27 43 1
29 74 1
17 3 1
62 35 1
55 42 1
5 50 1
26 83 1
52 8 1
19 58 1
15 64 1
83 9 1
21 29 1
46 16 1
16 35 1
61 59 1
39 14 1
9 16 1
22 74 1
43 16 1
7 52 1
63 82 1
13 70 1
50 58 1
51 73 1
59 6 1
83 75 1
10 5 1
10 7 1
62 30 1
56 63 1
52 2 1
77 54 1
45 58 1
23 43 1
52 44 1
32 5 1
12 0 1
69 10 1
35 23 1
48 5 1
21 51 1
47 23 1
72 63 1
68 57 1
32 59 1
77 28 1
1 79 1
14 66 1
74 40 1
31 66 1
58 37 1
30 8 1
27 56 1
25 62 1
38 80 1
2 70 1
20 45 1
44 73 1
55 40 1
14 51 1
83 63 1
59 29 1
46 27 1
50 40 1
17 4 1
32 3 1
53 34 1
51 61 1
18 73 1
44 29 1
65 11 1
14 38 1
20 0 1
10 34 1
25 23 1
27 79 1
45 31 1
37 49 1
5 73 1
51 45 1
18 81 1
49 77 1
71 39 1
80 9 1
56 52 1
30 22 1
34 5 1
54 50 1
42 3 1
62 26 1
80 48 1
18 58 1
63 26 1
29 82 1
69 77 1
81 17 1
79 75 1
55 13 1
47 21 1
51 63 1
42 4 1
78 52 1
62 12 1
24 13 1
20 11 1
42 48 1
4 76 1
51 53 1
58 49 1
67 0 1
13 10 1
33 57 1
0 2 1
35 8 1
56 21 1
45 83 1
30 81 1
67 71 1
73 60 1
68 34 1
73 24 1
23 30 1
31 15 1
75 65 1
20 77 1
43 80 1
5 61 1
20 72 1
6 30 1
49 62 1
1 48 1
71 66 1
25 41 1
19 60 1
15 62 1
31 22 1
75 67 1
68 35 1
43 11 1
77 4 1
59 34 1
32 67 1
30 46 1
67 46 1
26 4 1
35 32 1
70 8 1
9 49 1
6 38 1
15 65 1
4 44 1
65 60 1
76 33 1
8 36 1
8 61 1
54 78 1
34 65 1
51 58 1
25 44 1
43 71 1
20 34 1
46 6 1
9 12 1
35 73 1
1 53 1
75 2 1
48 11 1
24 19 1
15 39 1
66 25 1
65 24 1
32 73 1
22 2 1
78 24 1
45 68 1
27 24 1
82 8 1
58 53 1
80 42 1
27 19 1
53 50 1
32 8 1
64 40 1
5 81 1
79 31 1
50 0 1
4 22 1
81 2 1
8 16 1
4 83 1
79 2 1
83 61 1
48 15 1
56 3 1
11 63 1
25 79 1
53 13 1
58 39 1
49 25 1
3 39 1
47 2 1
4 38 1
10 67 1
11 83 1
5 51 1
52 58 1
46 3 1
24 0 1
66 42 1
31 29 1
40 9 1
23 21 1
11 8 1
43 62 1
9 33 1
53 38 1
65 78 1
77 30 1
25 19 1
44 60 1
63 1 1
11 44 1
66 9 1
82 14 1
64 62 1
1 13 1
62 48 1
8 84 1
77 46 1
61 41 1
39 83 1
84 61 1
24 74 1
42 57 1
66 33 1
56 83 1
75 48 1
12 38 1
47 77 1
28 78 1
35 19 1
34 74 1
25 30 1
22 19 1
9 3 1
17 44 1
75 40 1
78 69 1
44 24 1
3 23 1
31 55 1
5 45 1
66 29 1
23 10 1
78 29 1
34 60 1
64 66 1
15 33 1
25 21 1
26 47 1
15 24 1
56 5 1
52 10 1
59 17 1
11 69 1
71 30 1
27 45 1
19 42 1
67 65 1
42 73 1
70 23 1
63 81 1
26 68 1
41 20 1
44 31 1
1 67 1
66 6 1
50 9 1
60 11 1
38 82 1
29 76 1
28 79 1
65 84 1
46 58 1
53 8 1
30 83 1
78 31 1
66 36 1
27 6 1
34 67 1
4 46 1
44 18 1
7 35 1
38 0 1
63 35 1
77 45 1
59 77 1
44 39 1
30 18 1
33 7 1
37 11 1
42 54 1
82 13 1
80 22 1
47 37 1
79 10 1
52 5 1
71 75 1
58 77 1
26 20 1
1 69 1
78 72 1
39 8 1
31 48 1
53 16 1
26 74 1
40 52 1
73 84 1
47 72 1
7 84 1
42 28 1
77 72 1
30 58 1
19 74 1
3 76 1
6 41 1
33 10 1
73 59 1
29 63 1
29 9 1
50 6 1
28 59 1
48 36 1
21 12 1
2 35 1
54 59 1
63 6 1
42 25 1
26 21 1
35 46 1
66 35 1
17 40 1
36 39 1
24 30 1
20 12 1
52 16 1
25 29 1
80 57 1
5 11 1
18 23 1
68 75 1
15 73 1
22 12 1
56 13 1
41 79 1
43 55 1
43 53 1
73 7 1
24 75 1
32 71 1
79 65 1
83 25 1
7 28 1
63 73 1
62 29 1
84 33 1
12 77 1
50 55 1
77 29 1
11 45 1
21 0 1
58 34 1
75 44 1
31 25 1
77 6 1
14 62 1
47 18 1
78 17 1
34 23 1
72 45 1
48 56 1
44 33 1
24 47 1
59 51 1
17 46 1
74 20 1
23 83 1
4 73 1
3 26 1
70 32 1
34 39 1
0 49 1
60 71 1
57 77 1
72 51 1
18 48 1
83 60 1
56 81 1
69 28 1
12 36 1
70 55 1
2 21 1
75 41 1
81 37 1
6 17 1
55 69 1
77 7 1
78 83 1
30 53 1
17 21 1
57 35 1
40 36 1
40 28 1
60 69 1
68 76 1
40 38 1
83 44 1
5 29 1
38 48 1
80 82 1
25 80 1
27 71 1
14 20 1
6 1 1
19 44 1
11 53 1
73 22 1
42 9 1
12 52 1
53 56 1
71 81 1
64 2 1
81 66 1
36 28 1
80 17 1
12 81 1
7 83 1
63 79 1
60 68 1
23 46 1
48 51 1
75 36 1
17 0 1
79 73 1
51 36 1
56 19 1
71 53 1
5 75 1
25 75 1
76 44 1
10 20 1
64 49 1
25 33 1
0 72 1
38 25 1
80 0 1
47 83 1
68 27 1
13 57 1
68 38 1
0 39 1
51 84 1
42 47 1
5 12 1
13 9 1
26 65 1
12 43 1
12 66 1
20 79 1
38 43 1
18 75 1
29 24 1
60 49 1
25 48 1
28 80 1
52 77 1
8 0 1
47 27 1
49 71 1
67 57 1
43 34 1
42 10 1
2 62 1
81 70 1
0 40 1
55 62 1
52 25 1
76 45 1
31 64 1
33 51 1
2 11 1
16 78 1
2 82 1
34 49 1
56 61 1
74 71 1
2 46 1
42 35 1
29 36 1
59 52 1
53 77 1
42 76 1
43 66 1
77 63 1
74 57 1
56 80 1
34 15 1
43 6 1
71 6 1
23 76 1
70 83 1
5 31 1
78 49 1
25 0 1
61 69 1
66 1 1
45 59 1
14 71 1
11 27 1
9 62 1
31 18 1
68 5 1
9 46 1
43 61 1
70 16 1
5 38 1
37 23 1
56 17 1
1 5 1
26 80 1
8 20 1
6 72 1
58 74 1
20 31 1
49 54 1
80 33 1
81 31 1
57 43 1
21 4 1
67 38 1
35 1 1
49 36 1
62 83 1
57 83 1
48 76 1
21 39 1
46 25 1
63 39 1
80 72 1
50 52 1
24 32 1
72 30 1
11 18 1
19 83 1
83 21 1
16 44 1
44 81 1
56 73 1
48 14 1
53 29 1
0 10 1
62 6 1
61 66 1
29 50 1
80 39 1
29 7 1
23 38 1
5 78 1
20 24 1
41 33 1
53 7 1
7 32 1
53 15 1
25 39 1
14 41 1
76 16 1
60 7 1
0 81 1
10 78 1
24 14 1
14 32 1
78 35 1
13 5 1
80 37 1
12 30 1
22 81 1
83 49 1
6 11 1
76 46 1
28 23 1
49 29 1
55 58 1
59 12 1
82 7 1
52 19 1
1 51 1
54 81 1
28 3 1
5 55 1
51 82 1
43 29 1
57 26 1
6 79 1
9 68 1
15 11 1
34 61 1
63 3 1
68 59 1
64 72 1
61 35 1
1 12 1
20 2 1
27 54 1
11 62 1
71 5 1
55 37 1
37 71 1
75 8 1
68 56 1
7 41 1
32 36 1
58 67 1
70 42 1
9 71 1
24 71 1
62 72 1
10 26 1
51 54 1
56 71 1
44 30 1
34 77 1
15 45 1
58 44 1
60 45 1
10 72 1
38 22 1
28 47 1
71 52 1
44 35 1
60 67 1
33 53 1
13 43 1
62 58 1
11 16 1
34 26 1
50 28 1
33 83 1
35 71 1
83 31 1
22 65 1
46 80 1
73 16 1
74 6 1
21 62 1
2 48 1
57 51 1
75 0 1
35 17 1
81 53 1
12 23 1
14 75 1
48 16 1
43 31 1
35 51 1
73 55 1
52 43 1
41 37 1
24 97 12
0 1 1
1 2 1
2 3 1
3 4 1
4 5 1
5 6 1
6 7 1
7 8 1
8 9 1
9 10 1
10 11 1
11 12 1
12 13 1
13 14 1
14 15 1
15 16 1
16 17 1
17 18 1
18 19 1
19 20 1
20 21 1
21 22 1
22 23 1
23 0 1
3 10 1
1 4 1
16 18 1
2 23 1
23 5 1
10 1 1
13 7 1
9 18 1
0 20 1
22 5 1
12 0 1
3 20 1
13 3 1
20 12 1
11 8 1
9 3 1
11 7 1
7 17 1
5 14 1
1 22 1
14 16 1
5 3 1
22 11 1
0 9 1
1 7 1
9 11 1
11 21 1
5 20 1
8 0 1
23 7 1
4 2 1
10 19 1
22 3 1
1 21 1
14 8 1
21 7 1
10 6 1
7 18 1
1 8 1
22 15 1
16 0 1
12 14 1
4 12 1
16 5 1
9 12 1
16 22 1
15 5 1
14 19 1
10 8 1
14 7 1
13 5 1
17 4 1
21 6 1
22 7 1
3 0 1
8 6 1
21 12 1
6 22 1
20 1 1
19 6 1
21 23 1
12 18 1
15 4 1
7 2 1
18 20 1
6 15 1
15 9 1
23 10 1
22 14 1
3 1 1
2 11 1
15 12 1
2 14 1
88 361 48
0 1 1
1 2 1
2 3 1
3 4 1
4 5 1
5 6 1
6 7 1
7 8 1
8 9 1
9 10 1
10 11 1
11 12 1
12 13 1
13 14 1
14 15 1
15 16 1
16 17 1
17 18 1
18 19 1
19 20 1
20 21 1
21 22 1
22 23 1
23 24 1
24 25 1
25 26 1
26 27 1
27 28 1
28 29 1
29 30 1
30 31 1
31 32 1
32 33 1
33 34 1
34 35 1
35 36 1
36 37 1
37 38 1
38 39 1
39 40 1
40 41 1
41 42 1
42 43 1
43 44 1
44 45 1
45 46 1
46 47 1
47 48 1
48 49 1
49 50 1
50 51 1
51 52 1
52 53 1
53 54 1
54 55 1
55 56 1
56 57 1
57 58 1
58 59 1
59 60 1
60 61 1
61 62 1
62 63 1
63 64 1
64 65 1
65 66 1
66 67 1
67 68 1
68 69 1
69 70 1
70 71 1
71 72 1
72 73 1
73 74 1
74 75 1
75 76 1
76 77 1
77 78 1
78 79 1
79 80 1
80 81 1
81 82 1
82 83 1
83 84 1
84 85 1
85 86 1
86 87 1
87 0 1
81 13 1
2 84 1
66 2 1
46 81 1
24 49 1
22 34 1
47 69 1
33 61 1
61 72 1
7 23 1
83 10 1
41 55 1
61 42 1
66 41 1
25 68 1
49 65 1
52 58 1
20 29 1
31 47 1
43 30 1
68 47 1
42 54 1
14 62 1
2 49 1
55 8 1
55 26 1
61 68 1
76 87 1
26 16 1
32 75 1
60 35 1
10 59 1
83 71 1
2 22 1
12 33 1
63 15 1
56 49 1
70 56 1
11 27 1
2 30 1
83 19 1
37 75 1
61 48 1
43 7 1
11 31 1
2 10 1
45 16 1
5 81 1
77 65 1
26 71 1
72 1 1
31 70 1
74 80 1
44 38 1
17 6 1
77 5 1
21 65 1
71 79 1
30 11 1
61 80 1
38 82 1
43 56 1
67 87 1
66 48 1
78 73 1
15 56 1
78 59 1
32 26 1
17 39 1
76 40 1
8 52 1
45 76 1
1 10 1
58 76 1
17 29 1
13 79 1
69 1 1
9 0 1
40 29 1
66 21 1
82 23 1
35 47 1
69 27 1
13 11 1
11 68 1
76 25 1
29 86 1
56 50 1
21 38 1
77 20 1
12 41 1
19 56 1
34 50 1
6 51 1
32 48 1
60 2 1
34 31 1
16 68 1
11 37 1
22 76 1
49 72 1
56 47 1
67 7 1
64 43 1
1 38 1
54 81 1
3 22 1
13 44 1
9 18 1
33 65 1
44 3 1
37 34 1
57 31 1
38 48 1
16 29 1
61 58 1
76 50 1
81 74 1
49 46 1
46 62 1
18 5 1
44 16 1
66 36 1
35 56 1
25 35 1
45 24 1
81 66 1
36 64 1
74 7 1
55 51 1
51 31 1
23 73 1
21 4 1
58 20 1
81 17 1
46 86 1
3 1 1
27 12 1
6 61 1
53 37 1
29 73 1
56 73 1
25 10 1
45 6 1
21 57 1
23 30 1
56 16 1
67 46 1
66 85 1
87 66 1
3 21 1
82 63 1
24 67 1
37 10 1
71 81 1
24 72 1
80 77 1
31 56 1
48 24 1
71 60 1
53 71 1
31 36 1
55 31 1
84 63 1
47 0 1
17 73 1
49 9 1
86 78 1
79 65 1
13 33 1
28 18 1
56 75 1
8 39 1
50 5 1
46 37 1
82 45 1
62 83 1
5 39 1
86 83 1
0 16 1
57 29 1
17 56 1
18 67 1
48 80 1
46 14 1
66 59 1
45 72 1
39 11 1
12 15 1
13 54 1
0 37 1
48 21 1
13 45 1
38 50 1
58 65 1
25 29 1
38 85 1
45 27 1
26 52 1
82 49 1
83 55 1
79 1 1
64 8 1
46 63 1
10 8 1
86 31 1
37 55 1
29 55 1
43 6 1
5 83 1
22 73 1
61 26 1
51 13 1
10 60 1
5 28 1
30 70 1
3 74 1
87 40 1
64 22 1
61 32 1
85 41 1
48 37 1
75 46 1
27 46 1
0 43 1
2 42 1
43 72 1
34 48 1
11 70 1
0 80 1
54 25 1
36 17 1
54 73 1
71 84 1
32 30 1
51 80 1
79 10 1
11 0 1
47 11 1
11 74 1
30 24 1
48 68 1
27 86 1
50 41 1
59 11 1
22 40 1
81 40 1
73 46 1
7 49 1
18 48 1
3 63 1
21 82 1
72 62 1
86 84 1
38 7 1
49 79 1
75 47 1
57 47 1
34 0 1
0 73 1
55 86 1
59 37 1
86 32 1
54 69 1
82 85 1
29 18 1
46 8 1
42 18 1
42 29 1
17 59 1
9 80 1
76 29 1
68 12 1
51 134 0
0 1 1
1 2 1
2 3 1
3 4 1
4 5 1
5 6 1
6 7 1
7 8 1
8 9 1
9 10 1
10 11 1
11 12 1
12 13 1
13 14 1
14 15 1
15 16 1
16 17 1
17 18 1
18 19 1
19 20 1
20 21 1
21 22 1
22 23 1
23 24 1
24 25 1
25 26 1
26 27 1
27 28 1
28 29 1
29 30 1
30 31 1
31 32 1
32 33 1
33 34 1
34 35 1
35 36 1
36 37 1
37 38 1
38 39 1
39 40 1
40 41 1
41 42 1
42 43 1
43 44 1
44 45 1
45 46 1
46 47 1
47 48 1
48 49 1
49 50 1
50 0 1
23 47 1
39 33 1
18 41 1
9 43 1
35 40 1
48 23 1
0 17 1
16 34 1
12 32 1
32 29 1
12 35 1
1 13 1
1 50 1
19 37 1
44 15 1
26 32 1
5 44 1
21 4 1
35 16 1
7 49 1
17 22 1
33 18 1
30 19 1
5 20 1
23 39 1
32 30 1
41 0 1
28 9 1
34 18 1
48 27 1
19 11 1
31 2 1
9 5 1
50 17 1
28 7 1
32 14 1
11 0 1
41 37 1
28 26 1
4 27 1
13 16 1
0 34 1
6 20 1
41 28 1
43 18 1
7 5 1
37 45 1
38 8 1
23 28 1
48 33 1
11 22 1
27 43 1
50 25 1
27 7 1
42 23 1
7 4 1
45 28 1
36 31 1
22 26 1
39 0 1
12 29 1
31 18 1
41 13 1
22 47 1
25 16 1
7 19 1
29 17 1
2 45 1
36 47 1
24 45 1
4 14 1
5 16 1
23 18 1
8 13 1
32 19 1
25 30 1
1 10 1
44 40 1
13 27 1
39 28 1
2 24 1
17 9 1
50 47 1
17 32 3
0 1 1
1 2 1
2 3 1
3 4 1
4 5 1
5 6 1
6 7 1
7 8 1
8 9 1
9 10 1
10 11 1
11 12 1
12 13 1
13 14 1
14 15 1
15 16 1
16 0 1
3 11 1
4 15 1
9 3 1
9 16 1
16 11 1
15 6 1
13 15 1
7 3 1
15 8 1
15 9 1
6 9 1
10 6 1
9 14 1
11 8 1
16 4 1
57 109 30
0 1 1
1 2 1
2 3 1
3 4 1
4 5 1
5 6 1
6 7 1
7 8 1
8 9 1
9 10 1
10 11 1
11 12 1
12 13 1
13 14 1
14 15 1
15 16 1
16 17 1
17 18 1
18 19 1
19 20 1
20 21 1
21 22 1
22 23 1
23 24 1
24 25 1
25 26 1
26 27 1
27 28 1
28 29 1
29 30 1
30 31 1
31 32 1
32 33 1
33 34 1
34 35 1
35 36 1
36 37 1
37 38 1
38 39 1
39 40 1
40 41 1
41 42 1
42 43 1
43 44 1
44 45 1
45 46 1
46 47 1
47 48 1
48 49 1
49 50 1
50 51 1
51 52 1
52 53 1
53 54 1
54 55 1
55 56 1
56 0 1
40 45 1
25 29 1
49 28 1
34 36 1
52 11 1
6 12 1
31 47 1
21 17 1
33 35 1
56 23 1
9 22 1
42 23 1
11 55 1
10 24 1
46 27 1
29 11 1
9 30 1
15 24 1
30 5 1
29 35 1
15 55 1
38 36 1
35 28 1
28 5 1
30 22 1
2 4 1
3 6 1
11 46 1
45 22 1
9 49 1
33 19 1
38 4 1
24 19 1
42 35 1
38 54 1
15 32 1
9 21 1
45 35 1
37 41 1
21 14 1
2 19 1
28 46 1
18 39 1
44 56 1
4 48 1
7 39 1
21 35 1
17 24 1
44 41 1
13 38 1
1 12 1
24 46 1
11 24 3
0 1 1
1 2 1
2 3 1
3 4 1
4 5 1
5 6 1
6 7 1
7 8 1
8 9 1
9 10 1
10 0 1
3 10 1
10 4 1
5 3 1
9 5 1
8 3 1
6 4 1
5 0 1
6 8 1
4 1 1
7 5 1
3 6 1
10 6 1
1 7 1
66 144 58
0 1 1
1 2 1
2 3 1
3 4 1
4 5 1
5 6 1
6 7 1
7 8 1
8 9 1
9 10 1
10 11 1
11 12 1
12 13 1
13 14 1
14 15 1
15 16 1
16 17 1
17 18 1
18 19 1
19 20 1
20 21 1
21 22 1
22 23 1
23 24 1
24 25 1
25 26 1
26 27 1
27 28 1
28 29 1
29 30 1
30 31 1
31 32 1
32 33 1
33 34 1
34 35 1
35 36 1
36 37 1
37 38 1
38 39 1
39 40 1
40 41 1
41 42 1
42 43 1
43 44 1
44 45 1
45 46 1
46 47 1
47 48 1
48 49 1
49 50 1
50 51 1
51 52 1
52 53 1
53 54 1
54 55 1
55 56 1
56 57 1
57 58 1
58 59 1
59 60 1
60 61 1
61 62 1
62 63 1
63 64 1
64 65 1
65 0 1
15 31 1
64 55 1
40 16 1
55 26 1
1 53 1
36 14 1
16 12 1
28 44 1
18 5 1
46 19 1
1 45 1
42 49 1
45 61 1
17 34 1
5 54 1
39 29 1
48 36 1
57 53 1
64 41 1
25 50 1
3 60 1
23 63 1
17 53 1
9 45 1
16 54 1
24 1 1
12 46 1
28 43 1
33 27 1
9 28 1
24 49 1
31 60 1
34 11 1
15 39 1
34 61 1
10 27 1
30 44 1
44 52 1
0 48 1
43 15 1
52 39 1
34 14 1
9 53 1
1 19 1
28 30 1
0 3 1
44 54 1
63 14 1
52 20 1
50 21 1
64 22 1
30 16 1
35 32 1
8 41 1
16 47 1
14 9 1
52 33 1
62 36 1
57 42 1
27 15 1
32 65 1
62 65 1
43 16 1
15 65 1
19 33 1
19 52 1
62 39 1
46 11 1
31 21 1
34 7 1
19 3 1
31 2 1
0 18 1
8 47 1
50 37 1
33 4 1
53 3 1
13 37 1
93 177 74
0 1 1
1 2 1
2 3 1
3 4 1
4 5 1
5 6 1
6 7 1
7 8 1
8 9 1
9 10 1
10 11 1
11 12 1
12 13 1
13 14 1
14 15 1
15 16 1
16 17 1
17 18 1
18 19 1
19 20 1
20 21 1
21 22 1
22 23 1
23 24 1
24 25 1
25 26 1
26 27 1
27 28 1
28 29 1
29 30 1
30 31 1
31 32 1
32 33 1
33 34 1
34 35 1
35 36 1
36 37 1
37 38 1
38 39 1
39 40 1
40 41 1
41 42 1
42 43 1
43 44 1
44 45 1
45 46 1
46 47 1
47 48 1
48 49 1
49 50 1
50 51 1
51 52 1
52 53 1
53 54 1
54 55 1
55 56 1
56 57 1
57 58 1
58 59 1
59 60 1
60 61 1
61 62 1
62 63 1
63 64 1
64 65 1
65 66 1
66 67 1
67 68 1
68 69 1
69 70 1
70 71 1
71 72 1
72 73 1
73 74 1
74 75 1
75 76 1
76 77 1
77 78 1
78 79 1
79 80 1
80 81 1
81 82 1
82 83 1
83 84 1
84 85 1
85 86 1
86 87 1
87 88 1
88 89 1
89 90 1
90 91 1
91 92 1
92 0 1
26 41 1
18 11 1
84 89 1
48 83 1
58 88 1
59 73 1
87 19 1
34 61 1
34 29 1
27 3 1
57 92 1
32 50 1
68 57 1
47 11 1
35 78 1
9 17 1
3 86 1
18 53 1
82 4 1
57 16 1
25 80 1
83 59 1
44 87 1
42 6 1
44 4 1
24 69 1
75 45 1
7 89 1
64 36 1
28 37 1
65 43 1
21 62 1
36 50 1
28 21 1
60 44 1
29 57 1
57 9 1
74 89 1
50 66 1
16 55 1
21 18 1
85 16 1
36 77 1
33 18 1
91 0 1
26 82 1
0 61 1
76 32 1
78 36 1
76 30 1
14 67 1
19 69 1
65 52 1
88 7 1
63 76 1
39 71 1
55 53 1
70 45 1
29 92 1
65 48 1
32 60 1
88 12 1
54 38 1
92 67 1
57 63 1
4 70 1
84 29 1
43 53 1
79 85 1
31 1 1
2 37 1
3 52 1
20 11 1
50 75 1
92 41 1
91 24 1
34 77 1
68 7 1
45 19 1
49 76 1
54 45 1
92 17 1
39 41 1
12 19 1
97 292 89
0 1 1
1 2 1
2 3 1
3 4 1
4 5 1
5 6 1
6 7 1
7 8 1
8 9 1
9 10 1
10 11 1
11 12 1
12 13 1
13 14 1
14 15 1
15 16 1
16 17 1
17 18 1
18 19 1
19 20 1
20 21 1
21 22 1
22 23 1
23 24 1
24 25 1
25 26 1
26 27 1
27 28 1
28 29 1
29 30 1
30 31 1
31 32 1
32 33 1
33 34 1
34 35 1
35 36 1
36 37 1
37 38 1
38 39 1
39 40 1
40 41 1
41 42 1
42 43 1
43 44 1
44 45 1
45 46 1
46 47 1
47 48 1
48 49 1
49 50 1
50 51 1
51 52 1
52 53 1
53 54 1
54 55 1
55 56 1
56 57 1
57 58 1
58 59 1
59 60 1
60 61 1
61 62 1
62 63 1
63 64 1
64 65 1
65 66 1
66 67 1
67 68 1
68 69 1
69 70 1
70 71 1
71 72 1
72 73 1
73 74 1
74 75 1
75 76 1
76 77 1
77 78 1
78 79 1
79 80 1
80 81 1
81 82 1
82 83 1
83 84 1
84 85 1
85 86 1
86 87 1
87 88 1
88 89 1
89 90 1
90 91 1
91 92 1
92 93 1
93 94 1
94 95 1
95 96 1
96 0 1
95 91 1
50 43 1
26 9 1
45 15 1
64 24 1
31 35 1
55 74 1
90 8 1
19 91 1
92 61 1
20 17 1
33 6 1
31 75 1
81 7 1
43 72 1
6 27 1
41 9 1
31 38 1
61 23 1
75 60 1
9 91 1
14 39 1
35 54 1
96 90 1
12 44 1
88 65 1
8 49 1
42 52 1
30 9 1
93 13 1
49 7 1
83 96 1
93 1 1
84 30 1
78 1 1
39 84 1
87 48 1
61 48 1
21 93 1
5 44 1
7 21 1
29 85 1
52 77 1
4 7 1
91 81 1
55 24 1
90 71 1
15 5 1
76 55 1
9 96 1
31 54 1
54 21 1
42 13 1
34 30 1
71 58 1
85 77 1
53 94 1
91 2 1
31 51 1
12 73 1
71 56 1
92 9 1
80 35 1
49 5 1
65 74 1
16 5 1
43 95 1
57 91 1
45 21 1
69 30 1
53 66 1
17 84 1
33 54 1
41 67 1
86 83 1
52 71 1
36 86 1
74 72 1
7 15 1
75 82 1
51 49 1
79 32 1
89 12 1
25 0 1
4 78 1
66 84 1
2 96 1
56 11 1
5 62 1
67 34 1
53 76 1
58 34 1
78 89 1
76 2 1
89 49 1
9 62 1
20 79 1
48 27 1
80 20 1
78 86 1
95 24 1
81 75 1
77 94 1
8 23 1
6 51 1
14 68 1
89 59 1
16 63 1
75 83 1
63 96 1
75 42 1
32 76 1
20 42 1
70 44 1
96 46 1
1 40 1
75 93 1
61 7 1
29 94 1
30 26 1
6 4 1
18 83 1
25 68 1
67 49 1
66 41 1
3 83 1
74 45 1
6 73 1
78 65 1
52 64 1
76 17 1
18 85 1
83 91 1
77 72 1
28 7 1
66 39 1
7 48 1
42 95 1
57 72 1
13 54 1
67 87 1
89 4 1
46 85 1
79 57 1
6 24 1
87 80 1
47 65 1
56 32 1
57 43 1
70 78 1
95 87 1
16 40 1
35 64 1
65 25 1
59 41 1
73 25 1
93 2 1
79 83 1
76 13 1
4 20 1
68 57 1
18 15 1
46 94 1
67 42 1
58 83 1
50 18 1
53 3 1
52 36 1
25 27 1
95 93 1
52 49 1
85 17 1
62 88 1
46 18 1
32 91 1
63 89 1
66 15 1
28 20 1
50 96 1
47 29 1
81 1 1
61 93 1
42 62 1
14 92 1
84 56 1
58 49 1
34 81 1
89 72 1
65 43 1
44 2 1
67 65 1
8 57 1
14 35 1
83 41 1
56 6 1
67 152 22
0 1 1
1 2 1
2 3 1
3 4 1
4 5 1
5 6 1
6 7 1
7 8 1
8 9 1
9 10 1
10 11 1
11 12 1
12 13 1
13 14 1
14 15 1
15 16 1
16 17 1
17 18 1
18 19 1
19 20 1
20 21 1
21 22 1
22 23 1
23 24 1
24 25 1
25 26 1
26 27 1
27 28 1
28 29 1
29 30 1
30 31 1
31 32 1
32 33 1
33 34 1
34 35 1
35 36 1
36 37 1
37 38 1
38 39 1
39 40 1
40 41 1
41 42 1
42 43 1
43 44 1
44 45 1
45 46 1
46 47 1
47 48 1
48 49 1
49 50 1
50 51 1
51 52 1
52 53 1
53 54 1
54 55 1
55 56 1
56 57 1
57 58 1
58 59 1
59 60 1
60 61 1
61 62 1
62 63 1
63 64 1
64 65 1
65 66 1
66 0 1
62 6 1
58 16 1
59 41 1
42 64 1
65 19 1
38 61 1
22 30 1
16 1 1
36 28 1
12 40 1
3 7 1
27 5 1
58 39 1
54 14 1
30 48 1
65 55 1
53 15 1
31 62 1
50 5 1
25 11 1
26 66 1
38 31 1
40 2 1
23 58 1
62 51 1
23 35 1
46 20 1
6 39 1
2 64 1
52 44 1
29 47 1
62 2 1
10 49 1
23 8 1
20 55 1
8 60 1
18 14 1
44 34 1
41 9 1
17 47 1
44 61 1
38 32 1
28 51 1
45 61 1
43 19 1
37 62 1
5 37 1
39 30 1
24 48 1
15 51 1
54 23 1
46 13 1
10 1 1
59 49 1
18 28 1
28 21 1
66 12 1
22 44 1
21 38 1
18 60 1
61 46 1
25 29 1
46 27 1
34 24 1
49 45 1
32 48 1
49 32 1
44 63 1
23 21 1
32 35 1
42 10 1
62 56 1
3 34 1
0 3 1
18 31 1
43 60 1
44 53 1
0 12 1
52 45 1
6 50 1
31 4 1
57 53 1
15 34 1
32 43 1
18 3 1
30 82 4
0 1 1
1 2 1
2 3 1
3 4 1
4 5 1
5 6 1
6 7 1
7 8 1
8 9 1
9 10 1
10 11 1
11 12 1
12 13 1
13 14 1
14 15 1
15 16 1
16 17 1
17 18 1
18 19 1
19 20 1
20 21 1
21 22 1
22 23 1
23 24 1
24 25 1
25 26 1
26 27 1
27 28 1
28 29 1
29 0 1
1 17 1
21 11 1
24 5 1
23 12 1
0 18 1
6 0 1
26 9 1
14 2 1
18 20 1
9 7 1
2 15 1
3 16 1
15 13 1
21 29 1
13 29 1
18 27 1
4 27 1
2 5 1
8 22 1
17 15 1
10 16 1
11 26 1
5 3 1
16 4 1
4 20 1
13 10 1
1 7 1
6 13 1
19 24 1
18 23 1
10 15 1
3 26 1
3 20 1
19 14 1
13 20 1
18 4 1
26 14 1
12 1 1
5 28 1
25 15 1
25 14 1
7 26 1
16 21 1
25 29 1
29 5 1
21 4 1
18 12 1
19 1 1
25 18 1
12 9 1
19 6 1
20 9 1
19 37 8
0 1 1
1 2 1
2 3 1
3 4 1
4 5 1
5 6 1
6 7 1
7 8 1
8 9 1
9 10 1
10 11 1
11 12 1
12 13 1
13 14 1
14 15 1
15 16 1
16 17 1
17 18 1
18 0 1
5 17 1
17 4 1
17 14 1
17 12 1
13 15 1
11 9 1
15 9 1
10 8 1
15 18 1
4 7 1
17 3 1
5 8 1
12 0 1
14 18 1
3 0 1
12 15 1
4 1 1
13 18 1
79 695 38
0 1 1
1 2 1
2 3 1
3 4 1
4 5 1
5 6 1
6 7 1
7 8 1
8 9 1
9 10 1
10 11 1
11 12 1
12 13 1
13 14 1
14 15 1
15 16 1
16 17 1
17 18 1
18 19 1
19 20 1
20 21 1
21 22 1
22 23 1
23 24 1
24 25 1
25 26 1
26 27 1
27 28 1
28 29 1
29 30 1
30 31 1
31 32 1
32 33 1
33 34 1
34 35 1
35 36 1
36 37 1
37 38 1
38 39 1
39 40 1
40 41 1
41 42 1
42 43 1
43 44 1
44 45 1
45 46 1
46 47 1
47 48 1
48 49 1
49 50 1
50 51 1
51 52 1
52 53 1
53 54 1
54 55 1
55 56 1
56 57 1
57 58 1
58 59 1
59 60 1
60 61 1
61 62 1
62 63 1
63 64 1
64 65 1
65 66 1
66 67 1
67 68 1
68 69 1
69 70 1
70 71 1
71 72 1
72 73 1
73 74 1
74 75 1
75 76 1
76 77 1
77 78 1
78 0 1
58 68 1
69 20 1
6 55 1
72 53 1
35 57 1
22 60 1
23 61 1
59 9 1
40 42 1
2 63 1
8 47 1
51 35 1
24 21 1
53 24 1
18 43 1
72 61 1
3 71 1
24 27 1
0 60 1
39 25 1
47 33 1
77 54 1
57 34 1
14 10 1
7 69 1
55 67 1
15 2 1
41 0 1
41 70 1
33 48 1
74 28 1
64 78 1
57 5 1
29 69 1
5 32 1
55 26 1
57 14 1
63 38 1
51 29 1
19 36 1
4 72 1
6 25 1
73 29 1
19 9 1
44 49 1
8 35 1
62 44 1
65 56 1
50 1 1
14 74 1
16 61 1
56 3 1
23 3 1
60 48 1
42 28 1
51 18 1
42 67 1
35 6 1
45 65 1
36 10 1
42 78 1
54 58 1
49 33 1
11 65 1
34 7 1
42 60 1
68 52 1
55 50 1
75 24 1
9 65 1
29 0 1
13 47 1
17 20 1
6 51 1
6 65 1
15 5 1
45 32 1
20 55 1
43 62 1
20 35 1
42 49 1
4 50 1
2 23 1
78 72 1
19 39 1
37 50 1
44 17 1
69 38 1
78 4 1
1 11 1
8 55 1
28 30 1
13 64 1
74 59 1
20 53 1
42 31 1
51 53 1
9 43 1
27 4 1
5 61 1
28 78 1
76 19 1
47 77 1
50 31 1
18 42 1
58 7 1
29 16 1
10 3 1
69 73 1
33 51 1
30 25 1
18 3 1
28 66 1
76 29 1
29 21 1
61 66 1
25 34 1
47 44 1
30 73 1
58 0 1
44 20 1
55 68 1
9 27 1
67 5 1
13 60 1
5 12 1
41 68 1
26 13 1
39 64 1
34 20 1
54 26 1
71 63 1
73 22 1
42 32 1
63 25 1
56 72 1
58 48 1
61 48 1
18 69 1
9 56 1
16 28 1
7 46 1
69 0 1
12 33 1
3 73 1
61 49 1
53 56 1
70 49 1
56 59 1
5 20 1
69 37 1
12 26 1
75 50 1
13 10 1
48 34 1
22 19 1
49 19 1
19 78 1
18 60 1
6 43 1
39 31 1
55 1 1
71 12 1
58 35 1
10 29 1
57 9 1
12 17 1
41 28 1
49 52 1
11 55 1
58 21 1
66 53 1
13 74 1
74 34 1
37 12 1
33 20 1
59 1 1
2 59 1
46 5 1
0 7 1
0 35 1
2 11 1
46 51 1
32 77 1
65 44 1
53 63 1
25 42 1
9 66 1
58 78 1
9 71 1
48 24 1
69 3 1
44 61 1
38 22 1
24 58 1
60 44 1
38 58 1
42 26 1
30 41 1
8 58 1
68 6 1
28 48 1
35 73 1
34 5 1
0 70 1
69 71 1
35 27 1
75 31 1
38 68 1
78 55 1
67 76 1
28 77 1
35 78 1
45 10 1
63 33 1
34 17 1
8 71 1
54 57 1
2 68 1
23 26 1
32 40 1
15 3 1
26 36 1
42 3 1
55 18 1
76 58 1
41 21 1
35 2 1
21 4 1
32 8 1
58 50 1
70 74 1
32 78 1
17 30 1
9 58 1
15 25 1
73 47 1
58 28 1
75 52 1
47 7 1
38 40 1
3 77 1
43 75 1
75 2 1
43 4 1
57 23 1
14 73 1
37 24 1
50 70 1
54 38 1
37 65 1
72 18 1
22 47 1
6 64 1
26 66 1
69 24 1
69 4 1
71 21 1
20 38 1
55 60 1
19 72 1
20 31 1
19 41 1
64 68 1
7 5 1
69 74 1
3 58 1
9 32 1
66 44 1
37 15 1
68 50 1
6 23 1
51 68 1
1 27 1
56 67 1
49 46 1
32 56 1
40 6 1
53 75 1
1 72 1
22 30 1
8 33 1
38 6 1
77 21 1
11 29 1
30 21 1
5 43 1
68 71 1
43 10 1
61 17 1
6 27 1
69 54 1
15 8 1
40 34 1
3 61 1
24 30 1
29 54 1
2 61 1
39 12 1
38 29 1
43 21 1
65 70 1
36 2 1
29 7 1
12 73 1
7 51 1
63 7 1
1 5 1
65 55 1
65 73 1
26 22 1
70 64 1
48 20 1
49 71 1
48 29 1
68 46 1
76 37 1
16 19 1
34 8 1
39 63 1
9 18 1
30 45 1
1 63 1
53 64 1
22 69 1
42 33 1
45 29 1
67 24 1
51 58 1
42 56 1
73 13 1
38 61 1
62 52 1
41 11 1
41 48 1
33 5 1
5 78 1
60 49 1
16 24 1
10 42 1
24 62 1
10 54 1
31 33 1
22 7 1
45 51 1
51 66 1
4 19 1
62 56 1
46 56 1
49 40 1
77 55 1
9 53 1
55 23 1
48 10 1
73 34 1
76 23 1
0 22 1
8 38 1
25 7 1
52 24 1
22 43 1
17 28 1
48 55 1
68 75 1
69 62 1
68 77 1
60 41 1
19 66 1
39 61 1
56 8 1
14 7 1
57 15 1
33 61 1
69 19 1
1 23 1
51 75 1
21 51 1
77 27 1
71 51 1
66 7 1
13 8 1
14 8 1
53 1 1
21 9 1
34 52 1
25 12 1
62 16 1
1 73 1
1 16 1
66 43 1
46 27 1
74 25 1
32 59 1
51 10 1
1 67 1
43 26 1
55 71 1
39 37 1
27 76 1
78 15 1
31 9 1
54 27 1
32 30 1
64 33 1
71 27 1
50 15 1
47 55 1
11 28 1
8 45 1
44 75 1
26 57 1
53 38 1
44 39 1
13 6 1
27 51 1
24 17 1
24 43 1
65 10 1
76 18 1
51 43 1
21 48 1
74 8 1
22 52 1
49 13 1
52 42 1
41 44 1
76 15 1
1 40 1
48 57 1
47 11 1
49 32 1
26 2 1
56 11 1
22 14 1
46 74 1
69 5 1
48 36 1
63 12 1
55 40 1
21 3 1
8 57 1
36 63 1
46 48 1
52 64 1
17 58 1
33 23 1
31 69 1
50 6 1
30 63 1
8 36 1
54 71 1
38 12 1
18 56 1
73 58 1
53 7 1
24 39 1
37 10 1
12 27 1
17 5 1
53 61 1
64 45 1
29 20 1
65 48 1
68 27 1
49 41 1
15 64 1
45 78 1
28 57 1
7 28 1
72 16 1
27 34 1
59 33 1
62 41 1
22 31 1
50 35 1
10 72 1
32 54 1
73 71 1
37 41 1
1 17 1
11 78 1
70 78 1
64 50 1
41 43 1
12 47 1
13 37 1
16 52 1
14 27 1
19 65 1
78 2 1
13 7 1
17 69 1
59 28 1
20 72 1
29 43 1
61 30 1
9 17 1
60 65 1
66 24 1
6 59 1
45 34 1
39 71 1
43 8 1
56 52 1
53 43 1
9 13 1
74 39 1
26 78 1
7 76 1
56 10 1
3 12 1
64 9 1
60 28 1
28 64 1
44 73 1
14 6 1
75 29 1
57 59 1
59 44 1
40 66 1
35 48 1
64 19 1
8 39 1
14 64 1
55 7 1
57 27 1
12 62 1
36 45 1
35 66 1
8 64 1
56 48 1
24 64 1
15 59 1
16 77 1
33 67 1
42 7 1
20 50 1
43 37 1
65 72 1
8 50 1
66 8 1
60 63 1
46 64 1
43 58 1
13 68 1
72 46 1
18 61 1
66 69 1
10 7 1
18 10 1
76 12 1
65 8 1
0 46 1
8 3 1
14 30 1
44 50 1
42 24 1
8 70 1
52 2 1
13 77 1
73 56 1
13 25 1
72 75 1
22 53 1
54 42 1
71 64 1
40 77 1
33 70 1
13 55 1
47 38 1
78 39 1
27 72 1
78 65 1
57 55 1
60 12 1
59 62 1
70 57 1
23 65 1
40 61 1
8 41 1
7 15 1
56 58 1
8 22 1
36 29 1
49 11 1
18 53 1
69 60 1
53 45 1
59 11 1
12 48 1
59 61 1
32 19 1
59 35 1
67 15 1
73 42 1
6 20 1
56 41 1
74 67 1
17 68 1
26 68 1
38 16 1
41 71 1
54 18 1
22 41 1
62 72 1
57 30 1
45 2 1
55 51 1
1 36 1
4 48 1
44 54 1
46 12 1
75 41 1
62 74 1
20 15 1
25 78 1