32
26 49 18
0 1 1
1 2 1
2 3 1
3 4 1
4 5 1
5 6 1
6 7 1
7 8 1
8 9 1
9 10 1
10 11 1
11 12 1
12 13 1
13 14 1
14 15 1
15 16 1
16 17 1
17 18 1
18 19 1
19 20 1
20 21 1
21 22 1
22 23 1
23 24 1
24 25 1
25 0 1
18 11 1
15 2 1
17 10 1
18 7 1
19 8 1
10 6 1
13 25 1
20 4 1
22 14 1
1 21 1
24 10 1
5 11 1
19 15 1
18 9 1
16 2 1
4 15 1
21 9 1
6 23 1
22 5 1
7 19 1
16 20 1
14 4 1
5 14 1
43 89 11
0 1 1
1 2 1
2 3 1
3 4 1
4 5 1
5 6 1
6 7 1
7 8 1
8 9 1
9 10 1
10 11 1
11 12 1
12 13 1
13 14 1
14 15 1
15 16 1
16 17 1
17 18 1
18 19 1
19 20 1
20 21 1
21 22 1
22 23 1
23 24 1
24 25 1
25 26 1
26 27 1
27 28 1
28 29 1
29 30 1
30 31 1
31 32 1
32 33 1
33 34 1
34 35 1
35 36 1
36 37 1
37 38 1
38 39 1
39 40 1
40 41 1
41 42 1
42 0 1
16 8 1
39 30 1
10 34 1
3 11 1
15 30 1
13 42 1
16 21 1
21 2 1
42 31 1
11 35 1
29 26 1
16 22 1
33 41 1
22 36 1
10 26 1
2 18 1
4 23 1
23 19 1
16 0 1
6 35 1
21 40 1
1 32 1
11 9 1
15 27 1
36 39 1
40 1 1
0 36 1
31 8 1
42 2 1
21 38 1
30 2 1
38 0 1
6 34 1
36 20 1
39 28 1
40 32 1
5 14 1
16 20 1
28 32 1
6 1 1
29 19 1
32 26 1
4 20 1
25 12 1
36 21 1
39 6 1
70 272 57
0 1 1
1 2 1
2 3 1
3 4 1
4 5 1
5 6 1
6 7 1
7 8 1
8 9 1
9 10 1
10 11 1
11 12 1
12 13 1
13 14 1
14 15 1
15 16 1
16 17 1
17 18 1
18 19 1
19 20 1
20 21 1
21 22 1
22 23 1
23 24 1
24 25 1
25 26 1
26 27 1
27 28 1
28 29 1
29 30 1
30 31 1
31 32 1
32 33 1
33 34 1
34 35 1
35 36 1
36 37 1
37 38 1
38 39 1
39 40 1
40 41 1
41 42 1
42 43 1
43 44 1
44 45 1
45 46 1
46 47 1
47 48 1
48 49 1
49 50 1
50 51 1
51 52 1
52 53 1
53 54 1
54 55 1
55 56 1
56 57 1
57 58 1
58 59 1
59 60 1
60 61 1
61 62 1
62 63 1
63 64 1
64 65 1
65 66 1
66 67 1
67 68 1
68 69 1
69 0 1
66 60 1
26 50 1
65 29 1
64 36 1
11 38 1
7 69 1
55 61 1
3 27 1
66 39 1
5 50 1
33 28 1
23 40 1
64 19 1
15 21 1
38 24 1
32 38 1
27 40 1
32 40 1
31 67 1
49 59 1
33 50 1
63 50 1
12 2 1
42 59 1
29 56 1
55 6 1
64 54 1
16 64 1
54 27 1
27 30 1
39 5 1
2 64 1
43 25 1
59 23 1
44 38 1
37 56 1
55 17 1
62 27 1
21 6 1
3 68 1
41 38 1
43 47 1
6 44 1
14 65 1
35 8 1
62 17 1
62 55 1
31 53 1
1 19 1
20 41 1
17 29 1
11 0 1
52 57 1
12 24 1
52 25 1
65 23 1
66 52 1
31 38 1
56 30 1
6 51 1
63 65 1
18 54 1
17 53 1
44 49 1
27 53 1
22 40 1
31 23 1
52 0 1
34 8 1
10 61 1
5 69 1
7 66 1
37 68 1
14 24 1
1 22 1
10 59 1
17 38 1
28 32 1
21 38 1
36 19 1
18 11 1
3 0 1
18 23 1
1 34 1
55 3 1
57 12 1
54 1 1
33 56 1
1 64 1
48 42 1
66 19 1
7 34 1
17 13 1
12 41 1
58 26 1
54 37 1
47 20 1
60 24 1
28 36 1
20 26 1
42 64 1
47 31 1
24 40 1
52 37 1
52 42 1
25 0 1
9 18 1
20 68 1
65 25 1
5 64 1
5 17 1
65 21 1
28 30 1
63 33 1
31 33 1
30 17 1
14 22 1
55 14 1
48 54 1
16 69 1
63 9 1
2 34 1
56 10 1
21 5 1
11 52 1
54 16 1
20 39 1
64 41 1
12 53 1
11 27 1
52 13 1
61 52 1
35 1 1
52 35 1
30 45 1
15 37 1
8 1 1
49 10 1
62 13 1
34 58 1
42 54 1
25 41 1
57 31 1
65 35 1
27 56 1
57 0 1
15 3 1
7 55 1
25 37 1
53 2 1
48 65 1
0 18 1
7 42 1
31 17 1
5 40 1
0 5 1
64 67 1
41 54 1
62 18 1
17 26 1
9 26 1
56 16 1
31 7 1
45 13 1
59 5 1
18 64 1
57 30 1
66 14 1
66 33 1
33 52 1
54 12 1
66 46 1
30 5 1
11 63 1
47 25 1
68 60 1
48 59 1
39 16 1
5 52 1
20 66 1
56 34 1
50 25 1
15 18 1
57 46 1
63 55 1
2 37 1
63 27 1
58 19 1
5 34 1
12 55 1
27 35 1
31 8 1
50 58 1
33 19 1
25 20 1
15 11 1
9 55 1
20 58 1
18 36 1
28 13 1
39 36 1
32 12 1
94 289 39
0 1 1
1 2 1
2 3 1
3 4 1
4 5 1
5 6 1
6 7 1
7 8 1
8 9 1
9 10 1
10 11 1
11 12 1
12 13 1
13 14 1
14 15 1
15 16 1
16 17 1
17 18 1
18 19 1
19 20 1
20 21 1
21 22 1
22 23 1
23 24 1
24 25 1
25 26 1
26 27 1
27 28 1
28 29 1
29 30 1
30 31 1
31 32 1
32 33 1
33 34 1
34 35 1
35 36 1
36 37 1
37 38 1
38 39 1
39 40 1
40 41 1
41 42 1
42 43 1
43 44 1
44 45 1
45 46 1
46 47 1
47 48 1
48 49 1
49 50 1
50 51 1
51 52 1
52 53 1
53 54 1
54 55 1
55 56 1
56 57 1
57 58 1
58 59 1
59 60 1
60 61 1
61 62 1
62 63 1
63 64 1
64 65 1
65 66 1
66 67 1
67 68 1
68 69 1
69 70 1
70 71 1
71 72 1
72 73 1
73 74 1
74 75 1
75 76 1
76 77 1
77 78 1
78 79 1
79 80 1
80 81 1
81 82 1
82 83 1
83 84 1
84 85 1
85 86 1
86 87 1
87 88 1
88 89 1
89 90 1
90 91 1
91 92 1
92 93 1
93 0 1
88 68 1
24 65 1
1 39 1
90 39 1
83 86 1
23 90 1
65 3 1
82 61 1
11 40 1
73 68 1
39 10 1
14 81 1
12 25 1
59 88 1
22 37 1
56 22 1
5 88 1
47 66 1
47 36 1
26 10 1
69 51 1
85 83 1
82 50 1
81 83 1
39 37 1
2 65 1
42 26 1
14 29 1
14 60 1
21 60 1
12 93 1
79 1 1
5 25 1
40 22 1
51 48 1
57 8 1
60 43 1
76 60 1
53 47 1
12 17 1
74 90 1
17 33 1
40 2 1
60 71 1
20 51 1
90 75 1
16 14 1
62 33 1
19 24 1
45 37 1
46 11 1
62 3 1
61 8 1
90 88 1
90 45 1
87 33 1
46 57 1
61 46 1
47 71 1
43 70 1
93 14 1
1 92 1
5 81 1
3 58 1
31 1 1
80 3 1
56 43 1
9 45 1
89 22 1
59 0 1
27 63 1
61 32 1
77 49 1
33 83 1
17 4 1
51 32 1
50 40 1
1 83 1
64 91 1
80 21 1
57 18 1
26 16 1
13 87 1
54 22 1
51 80 1
78 25 1
78 30 1
76 41 1
88 70 1
13 47 1
20 33 1
9 20 1
26 64 1
48 33 1
90 71 1
85 64 1
24 51 1
82 6 1
35 73 1
31 18 1
57 73 1
45 2 1
4 24 1
82 33 1
28 48 1
67 0 1
49 56 1
67 33 1
91 83 1
54 46 1
87 18 1
35 10 1
47 91 1
79 38 1
1 29 1
27 50 1
8 42 1
90 18 1
35 8 1
46 69 1
92 2 1
16 50 1
15 43 1
46 82 1
41 61 1
43 2 1
60 7 1
20 47 1
15 25 1
32 56 1
43 23 1
16 84 1
88 76 1
11 5 1
4 81 1
55 31 1
50 22 1
34 3 1
14 19 1
32 79 1
44 84 1
89 86 1
82 73 1
12 49 1
53 92 1
25 39 1
0 84 1
78 56 1
22 34 1
61 52 1
80 86 1
88 83 1
58 68 1
75 93 1
59 15 1
46 60 1
6 4 1
74 43 1
57 93 1
88 93 1
71 55 1
65 82 1
33 75 1
23 38 1
69 74 1
93 70 1
5 45 1
27 14 1
69 92 1
38 60 1
40 75 1
84 69 1
13 83 1
34 4 1
29 21 1
19 16 1
62 82 1
37 60 1
63 6 1
11 81 1
25 77 1
15 3 1
80 43 1
14 17 1
73 88 1
61 1 1
39 31 1
10 3 1
41 79 1
82 31 1
75 48 1
38 71 1
1 60 1
17 71 1
84 49 1
31 59 30
0 1 1
1 2 1
2 3 1
3 4 1
4 5 1
5 6 1
6 7 1
7 8 1
8 9 1
9 10 1
10 11 1
11 12 1
12 13 1
13 14 1
14 15 1
15 16 1
16 17 1
17 18 1
18 19 1
19 20 1
20 21 1
21 22 1
22 23 1
23 24 1
24 25 1
25 26 1
26 27 1
27 28 1
28 29 1
29 30 1
30 0 1
23 2 1
0 21 1
7 22 1
19 0 1
8 21 1
14 17 1
22 24 1
4 0 1
30 15 1
14 9 1
24 14 1
5 24 1
13 7 1
28 26 1
3 21 1
15 12 1
3 7 1
29 16 1
16 27 1
17 19 1
29 3 1
23 7 1
6 22 1
27 4 1
30 11 1
20 12 1
27 9 1
21 13 1
71 343 30
0 1 1
1 2 1
2 3 1
3 4 1
4 5 1
5 6 1
6 7 1
7 8 1
8 9 1
9 10 1
10 11 1
11 12 1
12 13 1
13 14 1
14 15 1
15 16 1
16 17 1
17 18 1
18 19 1
19 20 1
20 21 1
21 22 1
22 23 1
23 24 1
24 25 1
25 26 1
26 27 1
27 28 1
28 29 1
29 30 1
30 31 1
31 32 1
32 33 1
33 34 1
34 35 1
35 36 1
36 37 1
37 38 1
38 39 1
39 40 1
40 41 1
41 42 1
42 43 1
43 44 1
44 45 1
45 46 1
46 47 1
47 48 1
48 49 1
49 50 1
50 51 1
51 52 1
52 53 1
53 54 1
54 55 1
55 56 1
56 57 1
57 58 1
58 59 1
59 60 1
60 61 1
61 62 1
62 63 1
63 64 1
64 65 1
65 66 1
66 67 1
67 68 1
68 69 1
69 70 1
70 0 1
20 42 1
67 4 1
5 57 1
29 2 1
34 28 1
65 60 1
17 48 1
50 14 1
32 2 1
23 69 1
66 42 1
42 24 1
2 10 1
33 28 1
13 23 1
28 9 1
64 62 1
62 26 1
48 68 1
51 24 1
44 20 1
59 9 1
49 14 1
4 60 1
12 18 1
64 54 1
3 40 1
69 32 1
28 35 1
61 68 1
41 32 1
69 33 1
63 57 1
20 58 1
37 22 1
62 9 1
49 31 1
28 54 1
59 42 1
0 3 1
52 44 1
37 43 1
13 37 1
2 48 1
43 31 1
1 36 1
17 24 1
4 17 1
39 46 1
17 2 1
7 12 1
37 12 1
55 13 1
67 69 1
39 17 1
24 0 1
17 6 1
15 40 1
69 15 1
58 39 1
35 11 1
31 38 1
35 12 1
40 6 1
56 62 1
16 67 1
51 30 1
64 55 1
23 68 1
48 55 1
59 20 1
6 62 1
53 7 1
11 46 1
13 25 1
38 1 1
55 61 1
1 58 1
46 38 1
4 20 1
1 28 1
44 6 1
20 52 1
37 11 1
8 59 1
69 34 1
12 59 1
18 32 1
39 35 1
37 48 1
48 69 1
57 47 1
10 27 1
42 36 1
66 9 1
22 35 1
10 25 1
24 10 1
40 16 1
13 32 1
58 50 1
60 38 1
55 26 1
20 18 1
9 67 1
40 29 1
31 27 1
51 69 1
51 33 1
28 49 1
44 22 1
12 52 1
3 13 1
3 29 1
1 56 1
61 32 1
20 60 1
27 42 1
40 65 1
6 25 1
14 10 1
3 67 1
32 30 1
30 22 1
53 40 1
70 17 1
51 41 1
22 62 1
7 32 1
40 0 1
51 27 1
11 41 1
27 36 1
44 35 1
49 51 1
62 55 1
43 60 1
36 12 1
16 69 1
46 48 1
18 33 1
6 54 1
5 61 1
25 46 1
70 67 1
55 15 1
37 26 1
43 57 1
46 49 1
40 20 1
18 34 1
19 36 1
15 38 1
29 20 1
19 62 1
58 68 1
6 36 1
47 5 1
64 17 1
37 29 1
19 24 1
47 65 1
13 39 1
43 33 1
36 33 1
62 44 1
11 62 1
31 57 1
61 37 1
35 52 1
54 48 1
22 17 1
65 10 1
41 4 1
59 45 1
55 50 1
1 51 1
70 16 1
52 59 1
42 5 1
49 45 1
3 61 1
16 1 1
33 12 1
21 70 1
12 17 1
46 16 1
53 66 1
15 56 1
41 53 1
6 8 1
28 58 1
35 49 1
53 26 1
62 45 1
36 40 1
68 38 1
70 27 1
64 20 1
53 62 1
61 19 1
30 63 1
47 23 1
4 24 1
1 32 1
37 7 1
19 40 1
62 48 1
27 47 1
38 0 1
3 44 1
22 9 1
18 57 1
66 28 1
27 68 1
69 38 1
9 12 1
70 32 1
60 45 1
21 50 1
59 30 1
65 52 1
33 39 1
20 9 1
60 5 1
24 5 1
34 32 1
39 29 1
17 53 1
39 37 1
70 54 1
43 7 1
69 5 1
28 43 1
11 8 1
59 37 1
61 45 1
8 45 1
58 30 1
19 38 1
25 21 1
32 10 1
0 41 1
10 13 1
54 52 1
14 34 1
14 37 1
29 53 1
41 48 1
10 31 1
48 56 1
27 7 1
50 43 1
29 16 1
27 8 1
24 31 1
9 53 1
52 6 1
67 25 1
60 58 1
16 21 1
18 41 1
36 51 1
64 6 1
65 44 1
32 4 1
23 2 1
44 36 1
17 1 1
66 20 1
70 34 1
47 24 1
37 99 13
0 1 1
1 2 1
2 3 1
3 4 1
4 5 1
5 6 1
6 7 1
7 8 1
8 9 1
9 10 1
10 11 1
11 12 1
12 13 1
13 14 1
14 15 1
15 16 1
16 17 1
17 18 1
18 19 1
19 20 1
20 21 1
21 22 1
22 23 1
23 24 1
24 25 1
25 26 1
26 27 1
27 28 1
28 29 1
29 30 1
30 31 1
31 32 1
32 33 1
33 34 1
34 35 1
35 36 1
36 0 1
1 20 1
35 8 1
4 28 1
14 5 1
21 28 1
8 30 1
22 12 1
9 20 1
12 21 1
30 3 1
14 32 1
0 21 1
16 26 1
36 28 1
3 6 1
6 22 1
1 21 1
10 26 1
9 24 1
12 8 1
19 31 1
7 4 1
0 18 1
36 19 1
2 25 1
0 29 1
8 26 1
33 31 1
9 7 1
26 30 1
14 27 1
20 0 1
26 13 1
19 8 1
34 22 1
10 22 1
7 2 1
6 30 1
25 12 1
35 10 1
23 15 1
22 11 1
18 25 1
19 27 1
34 12 1
36 18 1
30 7 1
9 34 1
20 4 1
17 35 1
27 35 1
16 9 1
17 29 1
21 36 1
20 35 1
8 6 1
8 23 1
31 21 1
28 24 1
0 13 1
20 29 1
13 33 1
55 96 51
0 1 1
1 2 1
2 3 1
3 4 1
4 5 1
5 6 1
6 7 1
7 8 1
8 9 1
9 10 1
10 11 1
11 12 1
12 13 1
13 14 1
14 15 1
15 16 1
16 17 1
17 18 1
18 19 1
19 20 1
20 21 1
21 22 1
22 23 1
23 24 1
24 25 1
25 26 1
26 27 1
27 28 1
28 29 1
29 30 1
30 31 1
31 32 1
32 33 1
33 34 1
34 35 1
35 36 1
36 37 1
37 38 1
38 39 1
39 40 1
40 41 1
41 42 1
42 43 1
43 44 1
44 45 1
45 46 1
46 47 1
47 48 1
48 49 1
49 50 1
50 51 1
51 52 1
52 53 1
53 54 1
54 0 1
31 10 1
47 15 1
1 39 1
24 48 1
52 50 1
42 30 1
13 32 1
4 29 1
50 38 1
8 52 1
39 51 1
12 18 1
35 17 1
50 4 1
21 43 1
22 33 1
28 16 1
50 11 1
26 52 1
26 42 1
16 11 1
38 3 1
52 32 1
9 27 1
3 28 1
27 8 1
38 41 1
47 13 1
50 30 1
52 20 1
7 4 1
47 18 1
51 12 1
42 40 1
1 14 1
14 40 1
53 0 1
45 21 1
4 12 1
38 48 1
3 29 1
92 548 85
0 1 1
1 2 1
2 3 1
3 4 1
4 5 1
5 6 1
6 7 1
7 8 1
8 9 1
9 10 1
10 11 1
11 12 1
12 13 1
13 14 1
14 15 1
15 16 1
16 17 1
17 18 1
18 19 1
19 20 1
20 21 1
21 22 1
22 23 1
23 24 1
24 25 1
25 26 1
26 27 1
27 28 1
28 29 1
29 30 1
30 31 1
31 32 1
32 33 1
33 34 1
34 35 1
35 36 1
36 37 1
37 38 1
38 39 1
39 40 1
40 41 1
41 42 1
42 43 1
43 44 1
44 45 1
45 46 1
46 47 1
47 48 1
48 49 1
49 50 1
50 51 1
51 52 1
52 53 1
53 54 1
54 55 1
55 56 1
56 57 1
57 58 1
58 59 1
59 60 1
60 61 1
61 62 1
62 63 1
63 64 1
64 65 1
65 66 1
66 67 1
67 68 1
68 69 1
69 70 1
70 71 1
71 72 1
72 73 1
73 74 1
74 75 1
75 76 1
76 77 1
77 78 1
78 79 1
79 80 1
80 81 1
81 82 1
82 83 1
83 84 1
84 85 1
85 86 1
86 87 1
87 88 1
88 89 1
89 90 1
90 91 1
91 0 1
42 6 1
82 75 1
62 45 1
73 54 1
31 76 1
54 77 1
79 35 1
51 20 1
78 3 1
6 28 1
80 3 1
57 27 1
17 49 1
23 68 1
22 14 1
83 31 1
47 41 1
34 63 1
8 1 1
74 8 1
69 40 1
66 10 1
78 46 1
22 33 1
44 36 1
6 54 1
37 14 1
64 53 1
8 36 1
52 21 1
9 50 1
32 37 1
9 14 1
36 54 1
6 50 1
16 61 1
10 91 1
56 30 1
13 1 1
51 21 1
59 0 1
66 20 1
2 7 1
11 21 1
56 90 1
37 74 1
45 1 1
30 58 1
60 43 1
56 53 1
66 69 1
41 87 1
7 0 1
13 24 1
47 91 1
52 64 1
0 81 1
44 14 1
82 49 1
63 82 1
91 16 1
49 7 1
77 89 1
29 13 1
0 78 1
86 47 1
64 33 1
44 60 1
10 83 1
38 20 1
54 78 1
70 29 1
81 90 1
59 79 1
40 46 1
6 59 1
33 38 1
37 28 1
44 54 1
49 41 1
81 77 1
32 83 1
49 38 1
73 66 1
11 24 1
73 12 1
48 0 1
24 49 1
44 71 1
88 40 1
66 55 1
20 58 1
88 7 1
52 45 1
7 77 1
9 58 1
62 8 1
9 16 1
11 15 1
39 26 1
68 66 1
71 66 1
60 88 1
18 54 1
41 37 1
51 13 1
87 60 1
28 89 1
0 83 1
51 45 1
67 82 1
62 6 1
32 55 1
75 52 1
59 69 1
35 27 1
59 54 1
33 41 1
46 13 1
11 30 1
28 67 1
34 81 1
20 48 1
73 51 1
71 43 1
79 37 1
21 77 1
1 18 1
83 71 1
46 5 1
59 56 1
6 82 1
80 47 1
37 73 1
65 85 1
60 29 1
8 59 1
60 50 1
58 49 1
16 33 1
32 84 1
65 61 1
74 21 1
57 44 1
15 60 1
25 55 1
83 36 1
1 79 1
81 35 1
42 91 1
42 0 1
68 5 1
71 33 1
67 38 1
15 46 1
23 69 1
48 9 1
59 51 1
77 55 1
17 42 1
63 41 1
36 34 1
24 78 1
6 64 1
23 71 1
73 91 1
3 17 1
90 33 1
44 63 1
28 11 1
61 89 1
37 83 1
35 64 1
26 32 1
26 54 1
9 53 1
44 3 1
29 85 1
6 12 1
88 23 1
25 44 1
6 46 1
47 62 1
78 12 1
38 2 1
71 89 1
53 59 1
79 5 1
54 69 1
37 64 1
88 74 1
13 44 1
23 78 1
84 35 1
29 90 1
85 74 1
72 63 1
69 52 1
67 87 1
13 49 1
4 76 1
8 12 1
74 41 1
8 38 1
20 35 1
34 40 1
72 83 1
69 67 1
53 12 1
47 78 1
82 71 1
26 58 1
58 6 1
86 28 1
73 64 1
61 82 1
59 30 1
56 73 1
73 25 1
90 65 1
52 24 1
39 65 1
76 67 1
38 29 1
30 84 1
75 77 1
25 90 1
42 10 1
89 23 1
4 23 1
45 42 1
17 26 1
7 72 1
13 83 1
6 86 1
67 2 1
67 32 1
90 12 1
27 37 1
86 26 1
3 71 1
77 0 1
61 9 1
71 76 1
20 52 1
45 33 1
16 18 1
72 77 1
83 3 1
72 23 1
2 16 1
17 73 1
5 38 1
57 7 1
47 63 1
41 60 1
49 18 1
79 25 1
42 25 1
47 18 1
87 85 1
4 89 1
60 45 1
17 4 1
7 15 1
55 11 1
62 56 1
62 18 1
7 83 1
12 3 1
4 83 1
60 56 1
50 1 1
21 59 1
42 16 1
83 43 1
87 61 1
7 52 1
44 82 1
33 6 1
1 15 1
20 2 1
65 25 1
12 64 1
43 64 1
80 22 1
23 81 1
82 78 1
31 26 1
3 26 1
70 90 1
83 12 1
69 29 1
9 82 1
15 80 1
66 9 1
34 32 1
84 69 1
79 47 1
81 60 1
42 56 1
69 58 1
33 20 1
59 89 1
24 55 1
40 82 1
51 44 1
48 75 1
7 33 1
19 42 1
9 71 1
63 70 1
79 42 1
91 23 1
66 36 1
86 2 1
87 18 1
66 63 1
74 48 1
71 18 1
7 47 1
19 15 1
35 85 1
41 15 1
30 70 1
33 8 1
61 2 1
20 36 1
47 4 1
83 51 1
35 23 1
27 73 1
5 64 1
19 31 1
46 69 1
63 23 1
31 66 1
59 82 1
88 25 1
32 72 1
39 7 1
35 5 1
55 36 1
48 14 1
63 49 1
58 47 1
58 15 1
24 26 1
84 79 1
36 51 1
61 30 1
33 80 1
19 26 1
7 41 1
79 75 1
20 80 1
88 59 1
91 38 1
81 20 1
5 7 1
89 86 1
2 31 1
49 22 1
76 8 1
20 71 1
82 43 1
5 76 1
6 51 1
58 40 1
13 18 1
35 59 1
29 10 1
22 79 1
61 3 1
89 5 1
40 11 1
51 9 1
28 87 1
56 9 1
75 9 1
78 48 1
53 38 1
21 10 1
63 78 1
83 64 1
18 23 1
85 53 1
5 63 1
91 55 1
59 63 1
45 87 1
53 79 1
33 23 1
3 45 1
74 47 1
30 44 1
35 58 1
88 45 1
39 80 1
54 76 1
66 79 1
7 25 1
31 36 1
74 27 1
58 61 1
63 45 1
51 10 1
19 47 1
40 52 1
36 84 1
44 31 1
15 49 1
77 19 1
41 0 1
87 58 1
32 38 1
81 9 1
27 25 1
15 61 1
55 42 1
21 7 1
83 19 1
67 34 1
46 16 1
85 44 1
29 80 1
42 69 1
55 62 1
34 83 1
91 44 1
22 18 1
84 11 1
10 23 1
39 33 1
39 51 1
19 76 1
18 79 1
3 36 1
65 89 1
12 0 1
81 3 1
43 41 1
44 65 1
89 10 1
10 52 1
52 2 1
24 75 1
40 81 1
22 2 1
65 9 1
0 66 1
35 10 1
44 9 1
25 69 1
74 17 1
47 65 1
89 200 69
0 1 1
1 2 1
2 3 1
3 4 1
4 5 1
5 6 1
6 7 1
7 8 1
8 9 1
9 10 1
10 11 1
11 12 1
12 13 1
13 14 1
14 15 1
15 16 1
16 17 1
17 18 1
18 19 1
19 20 1
20 21 1
21 22 1
22 23 1
23 24 1
24 25 1
25 26 1
26 27 1
27 28 1
28 29 1
29 30 1
30 31 1
31 32 1
32 33 1
33 34 1
34 35 1
35 36 1
36 37 1
37 38 1
38 39 1
39 40 1
40 41 1
41 42 1
42 43 1
43 44 1
44 45 1
45 46 1
46 47 1
47 48 1
48 49 1
49 50 1
50 51 1
51 52 1
52 53 1
53 54 1
54 55 1
55 56 1
56 57 1
57 58 1
58 59 1
59 60 1
60 61 1
61 62 1
62 63 1
63 64 1
64 65 1
65 66 1
66 67 1
67 68 1
68 69 1
69 70 1
70 71 1
71 72 1
72 73 1
73 74 1
74 75 1
75 76 1
76 77 1
77 78 1
78 79 1
79 80 1
80 81 1
81 82 1
82 83 1
83 84 1
84 85 1
85 86 1
86 87 1
87 88 1
88 0 1
85 39 1
72 54 1
6 20 1
20 5 1
19 12 1
74 2 1
27 6 1
78 86 1
65 3 1
4 43 1
31 21 1
76 6 1
37 48 1
1 21 1
59 49 1
26 81 1
56 3 1
78 56 1
37 73 1
69 43 1
3 82 1
21 33 1
77 26 1
58 13 1
63 73 1
67 34 1
50 42 1
62 1 1
71 57 1
86 4 1
48 46 1
76 9 1
84 45 1
72 55 1
24 30 1
15 65 1
87 73 1
57 37 1
24 13 1
27 40 1
2 40 1
16 37 1
58 38 1
73 67 1
73 64 1
30 39 1
27 16 1
80 8 1
38 61 1
70 51 1
76 39 1
18 74 1
69 67 1
30 28 1
19 23 1
27 48 1
24 78 1
35 78 1
83 87 1
15 62 1
27 77 1
11 83 1
70 8 1
35 33 1
47 10 1
18 55 1
17 22 1
27 57 1
12 4 1
46 65 1
56 35 1
36 67 1
70 47 1
49 67 1
82 51 1
3 62 1
60 73 1
34 44 1
67 45 1
68 28 1
49 36 1
51 38 1
45 50 1
17 32 1
72 8 1
62 25 1
4 76 1
47 88 1
37 39 1
8 44 1
46 73 1
35 86 1
19 25 1
71 6 1
59 72 1
68 46 1
81 5 1
45 22 1
88 26 1
18 88 1
34 70 1
61 34 1
16 58 1
28 59 1
9 0 1
30 58 1
34 29 1
50 46 1
29 54 1
47 80 1
14 82 1
41 201 14
0 1 1
1 2 1
2 3 1
3 4 1
4 5 1
5 6 1
6 7 1
7 8 1
8 9 1
9 10 1
10 11 1
11 12 1
12 13 1
13 14 1
14 15 1
15 16 1
16 17 1
17 18 1
18 19 1
19 20 1
20 21 1
21 22 1
22 23 1
23 24 1
24 25 1
25 26 1
26 27 1
27 28 1
28 29 1
29 30 1
30 31 1
31 32 1
32 33 1
33 34 1
34 35 1
35 36 1
36 37 1
37 38 1
38 39 1
39 40 1
40 0 1
6 16 1
14 36 1
26 17 1
35 13 1
37 0 1
20 12 1
37 1 1
9 27 1
22 37 1
40 19 1
16 23 1
11 1 1
39 24 1
37 3 1
31 21 1
35 0 1
7 12 1
37 33 1
39 28 1
6 14 1
28 12 1
17 39 1
24 31 1
26 14 1
23 20 1
22 34 1
12 0 1
3 28 1
11 16 1
32 39 1
3 40 1
39 7 1
11 14 1
11 32 1
31 33 1
34 20 1
13 29 1
18 22 1
16 4 1
16 28 1
3 6 1
23 38 1
12 3 1
25 11 1
34 17 1
23 28 1
27 17 1
7 14 1
15 0 1
32 19 1
29 22 1
38 17 1
37 29 1
39 11 1
7 25 1
19 34 1
0 26 1
18 29 1
11 40 1
32 12 1
36 25 1
40 16 1
14 28 1
30 34 1
34 15 1
33 9 1
33 23 1
19 38 1
3 29 1
10 37 1
18 40 1
19 9 1
31 0 1
17 3 1
35 29 1
11 37 1
14 10 1
22 19 1
34 10 1
27 34 1
38 9 1
28 19 1
4 9 1
8 6 1
8 1 1
17 21 1
9 35 1
12 22 1
18 38 1
29 14 1
29 32 1
19 37 1
27 12 1
35 1 1
28 38 1
39 25 1
23 7 1
36 13 1
19 0 1
29 15 1
1 30 1
39 30 1
16 9 1
33 27 1
18 4 1
33 39 1
0 18 1
20 31 1
14 18 1
29 7 1
18 24 1
30 7 1
35 22 1
3 24 1
9 20 1
3 27 1
9 6 1
31 12 1
21 16 1
36 7 1
5 24 1
25 3 1
15 8 1
16 24 1
25 19 1
16 8 1
6 33 1
12 15 1
2 35 1
30 32 1
10 2 1
38 21 1
1 10 1
40 25 1
17 37 1
8 17 1
12 18 1
36 2 1
5 30 1
29 31 1
33 13 1
24 20 1
26 12 1
7 32 1
14 30 1
7 28 1
13 23 1
39 6 1
9 7 1
7 38 1
17 14 1
39 0 1
6 21 1
31 27 1
29 19 1
10 32 1
13 19 1
22 17 1
11 36 1
4 39 1
39 78 29
0 1 1
1 2 1
2 3 1
3 4 1
4 5 1
5 6 1
6 7 1
7 8 1
8 9 1
9 10 1
10 11 1
11 12 1
12 13 1
13 14 1
14 15 1
15 16 1
16 17 1
17 18 1
18 19 1
19 20 1
20 21 1
21 22 1
22 23 1
23 24 1
24 25 1
25 26 1
26 27 1
27 28 1
28 29 1
29 30 1
30 31 1
31 32 1
32 33 1
33 34 1
34 35 1
35 36 1
36 37 1
37 38 1
38 0 1
15 34 1
1 38 1
25 29 1
10 12 1
3 37 1
19 5 1
8 6 1
33 8 1
21 14 1
23 20 1
26 2 1
33 1 1
4 28 1
17 6 1
19 24 1
13 15 1
11 37 1
22 35 1
5 24 1
26 5 1
21 1 1
8 11 1
31 19 1
0 22 1
37 29 1
4 27 1
8 31 1
9 20 1
26 38 1
14 35 1
17 19 1
2 8 1
6 13 1
38 32 1
31 37 1
29 7 1
27 29 1
8 30 1
24 16 1
62 110 26
0 1 1
1 2 1
2 3 1
3 4 1
4 5 1
5 6 1
6 7 1
7 8 1
8 9 1
9 10 1
10 11 1
11 12 1
12 13 1
13 14 1
14 15 1
15 16 1
16 17 1
17 18 1
18 19 1
19 20 1
20 21 1
21 22 1
22 23 1
23 24 1
24 25 1
25 26 1
26 27 1
27 28 1
28 29 1
29 30 1
30 31 1
31 32 1
32 33 1
33 34 1
34 35 1
35 36 1
36 37 1
37 38 1
38 39 1
39 40 1
40 41 1
41 42 1
42 43 1
43 44 1
44 45 1
45 46 1
46 47 1
47 48 1
48 49 1
49 50 1
50 51 1
51 52 1
52 53 1
53 54 1
54 55 1
55 56 1
56 57 1
57 58 1
58 59 1
59 60 1
60 61 1
61 0 1
26 58 1
18 1 1
20 11 1
26 28 1
11 50 1
56 12 1
39 37 1
54 8 1
49 15 1
25 33 1
51 30 1
16 18 1
49 57 1
28 18 1
8 35 1
44 3 1
37 2 1
32 23 1
11 47 1
11 51 1
36 4 1
31 11 1
18 42 1
39 44 1
41 54 1
13 21 1
10 35 1
42 49 1
3 58 1
33 61 1
24 22 1
59 56 1
31 46 1
58 18 1
12 49 1
48 41 1
38 13 1
56 49 1
11 3 1
36 28 1
52 27 1
30 1 1
3 32 1
26 56 1
48 60 1
53 0 1
1 4 1
54 7 1
27 91 14
0 1 1
1 2 1
2 3 1
3 4 1
4 5 1
5 6 1
6 7 1
7 8 1
8 9 1
9 10 1
10 11 1
11 12 1
12 13 1
13 14 1
14 15 1
15 16 1
16 17 1
17 18 1
18 19 1
19 20 1
20 21 1
21 22 1
22 23 1
23 24 1
24 25 1
25 26 1
26 0 1
22 4 1
19 26 1
17 1 1
20 17 1
24 10 1
0 2 1
14 6 1
7 4 1
5 22 1
7 19 1
0 4 1
25 21 1
10 22 1
6 16 1
12 21 1
20 9 1
11 7 1
8 12 1
1 8 1
24 3 1
5 3 1
22 8 1
3 12 1
18 0 1
0 5 1
0 17 1
26 5 1
26 4 1
7 9 1
22 6 1
14 5 1
20 16 1
7 13 1
3 20 1
10 8 1
17 12 1
8 18 1
5 18 1
17 5 1
8 3 1
4 15 1
26 3 1
4 24 1
11 23 1
26 21 1
5 8 1
2 17 1
7 0 1
8 11 1
22 26 1
1 22 1
6 3 1
15 8 1
10 23 1
19 14 1
15 20 1
9 18 1
18 22 1
4 9 1
20 18 1
13 5 1
1 7 1
23 19 1
9 22 1
21 46 5
0 1 1
1 2 1
2 3 1
3 4 1
4 5 1
5 6 1
6 7 1
7 8 1
8 9 1
9 10 1
10 11 1
11 12 1
12 13 1
13 14 1
14 15 1
15 16 1
16 17 1
17 18 1
18 19 1
19 20 1
20 0 1
16 4 1
17 9 1
1 18 1
10 18 1
15 13 1
0 3 1
1 8 1
10 16 1
13 8 1
16 1 1
17 4 1
10 19 1
14 18 1
2 14 1
10 5 1
19 12 1
15 19 1
18 3 1
16 5 1
2 18 1
7 11 1
18 15 1
20 1 1
1 14 1
20 16 1
69 247 48
0 1 1
1 2 1
2 3 1
3 4 1
4 5 1
5 6 1
6 7 1
7 8 1
8 9 1
9 10 1
10 11 1
11 12 1
12 13 1
13 14 1
14 15 1
15 16 1
16 17 1
17 18 1
18 19 1
19 20 1
20 21 1
21 22 1
22 23 1
23 24 1
24 25 1
25 26 1
26 27 1
27 28 1
28 29 1
29 30 1
30 31 1
31 32 1
32 33 1
33 34 1
34 35 1
35 36 1
36 37 1
37 38 1
38 39 1
39 40 1
40 41 1
41 42 1
42 43 1
43 44 1
44 45 1
45 46 1
46 47 1
47 48 1
48 49 1
49 50 1
50 51 1
51 52 1
52 53 1
53 54 1
54 55 1
55 56 1
56 57 1
57 58 1
58 59 1
59 60 1
60 61 1
61 62 1
62 63 1
63 64 1
64 65 1
65 66 1
66 67 1
67 68 1
68 0 1
51 0 1
34 32 1
37 30 1
43 63 1
14 0 1
32 16 1
32 41 1
31 50 1
14 1 1
21 14 1
54 43 1
40 20 1
34 36 1
57 28 1
5 33 1
8 50 1
49 14 1
12 30 1
64 61 1
56 26 1
17 37 1
10 62 1
67 23 1
17 63 1
11 47 1
17 65 1
64 3 1
50 47 1
24 4 1
10 47 1
68 48 1
68 38 1
22 1 1
9 7 1
66 27 1
64 57 1
52 62 1
35 0 1
2 37 1
58 12 1
27 63 1
49 42 1
60 16 1
11 24 1
17 2 1
51 20 1
48 42 1
31 63 1
13 48 1
39 24 1
15 21 1
48 7 1
22 38 1
33 35 1
66 52 1
23 26 1
17 39 1
67 0 1
12 22 1
33 12 1
31 49 1
63 11 1
19 21 1
6 58 1
66 14 1
64 42 1
58 32 1
63 53 1
7 41 1
15 13 1
8 44 1
10 29 1
20 34 1
10 3 1
37 0 1
8 3 1
46 9 1
48 34 1
53 46 1
17 54 1
68 20 1
43 59 1
10 48 1
44 33 1
17 36 1
9 28 1
31 14 1
12 16 1
18 12 1
55 52 1
35 68 1
60 9 1
39 67 1
29 24 1
25 0 1
58 40 1
55 26 1
7 21 1
47 65 1
43 46 1
4 32 1
31 33 1
28 23 1
13 68 1
8 10 1
53 31 1
54 1 1
10 61 1
52 5 1
49 32 1
60 18 1
55 39 1
31 34 1
1 43 1
10 18 1
32 35 1
59 46 1
6 46 1
18 29 1
57 32 1
1 46 1
37 1 1
65 32 1
36 4 1
51 9 1
55 44 1
9 6 1
48 35 1
59 8 1
27 19 1
58 34 1
26 29 1
18 26 1
63 38 1
25 60 1
19 11 1
45 65 1
57 36 1
58 17 1
7 32 1
10 19 1
44 68 1
56 16 1
39 66 1
4 19 1
23 55 1
18 33 1
45 50 1
42 46 1
51 41 1
40 28 1
26 38 1
29 14 1
42 47 1
27 49 1
43 65 1
67 63 1
40 24 1
9 59 1
60 23 1
33 52 1
35 56 1
41 27 1
33 66 1
50 29 1
17 22 1
55 38 1
12 68 1
10 13 1
25 31 1
34 16 1
47 68 1
61 7 1
6 3 1
19 15 1
38 4 1
3 68 1
46 8 1
76 591 23
0 1 1
1 2 1
2 3 1
3 4 1
4 5 1
5 6 1
6 7 1
7 8 1
8 9 1
9 10 1
10 11 1
11 12 1
12 13 1
13 14 1
14 15 1
15 16 1
16 17 1
17 18 1
18 19 1
19 20 1
20 21 1
21 22 1
22 23 1
23 24 1
24 25 1
25 26 1
26 27 1
27 28 1
28 29 1
29 30 1
30 31 1
31 32 1
32 33 1
33 34 1
34 35 1
35 36 1
36 37 1
37 38 1
38 39 1
39 40 1
40 41 1
41 42 1
42 43 1
43 44 1
44 45 1
45 46 1
46 47 1
47 48 1
48 49 1
49 50 1
50 51 1
51 52 1
52 53 1
53 54 1
54 55 1
55 56 1
56 57 1
57 58 1
58 59 1
59 60 1
60 61 1
61 62 1
62 63 1
63 64 1
64 65 1
65 66 1
66 67 1
67 68 1
68 69 1
69 70 1
70 71 1
71 72 1
72 73 1
73 74 1
74 75 1
75 0 1
11 41 1
14 32 1
35 60 1
37 54 1
52 42 1
24 8 1
68 19 1
44 9 1
59 18 1
35 69 1
4 44 1
27 22 1
5 28 1
41 67 1
7 62 1
27 69 1
24 67 1
8 74 1
7 28 1
71 6 1
29 60 1
40 23 1
11 17 1
5 23 1
5 73 1
67 57 1
60 40 1
45 51 1
56 20 1
45 59 1
25 9 1
18 29 1
3 50 1
65 68 1
27 64 1
35 23 1
36 65 1
2 73 1
26 48 1
7 32 1
10 51 1
19 3 1
34 65 1
36 26 1
50 21 1
43 2 1
36 39 1
39 69 1
2 15 1
66 24 1
15 61 1
63 1 1
46 34 1
66 46 1
3 28 1
0 21 1
18 25 1
47 11 1
8 22 1
52 21 1
7 15 1
58 51 1
9 20 1
61 17 1
50 42 1
27 18 1
57 37 1
23 14 1
46 48 1
7 20 1
70 31 1
2 22 1
29 24 1
65 38 1
64 31 1
61 23 1
72 42 1
68 32 1
62 53 1
54 25 1
35 43 1
35 66 1
19 36 1
30 47 1
68 47 1
60 50 1
53 74 1
32 19 1
23 27 1
49 26 1
40 14 1
64 58 1
74 32 1
64 0 1
50 14 1
28 48 1
68 41 1
6 19 1
24 30 1
38 13 1
16 46 1
51 32 1
49 12 1
61 56 1
53 19 1
48 8 1
75 70 1
22 35 1
30 39 1
0 61 1
46 27 1
32 20 1
7 36 1
19 69 1
44 12 1
35 58 1
1 22 1
1 47 1
20 44 1
24 42 1
44 16 1
19 43 1
21 63 1
2 47 1
3 65 1
68 10 1
4 46 1
44 59 1
62 46 1
58 34 1
73 75 1
45 31 1
6 54 1
53 36 1
44 40 1
9 28 1
45 74 1
17 26 1
62 34 1
59 13 1
27 10 1
53 63 1
23 4 1
56 5 1
36 12 1
0 54 1
54 29 1
3 54 1
63 57 1
28 23 1
35 72 1
21 73 1
45 10 1
23 67 1
71 47 1
70 9 1
6 22 1
17 20 1
48 12 1
40 8 1
24 0 1
13 26 1
27 8 1
74 26 1
16 28 1
54 51 1
26 14 1
74 63 1
26 31 1
57 13 1
41 6 1
44 2 1
8 4 1
29 50 1
18 41 1
48 52 1
2 58 1
54 31 1
54 7 1
38 66 1
67 39 1
54 22 1
15 66 1
2 27 1
47 67 1
7 50 1
38 49 1
30 67 1
62 22 1
68 26 1
22 58 1
16 63 1
12 38 1
62 24 1
71 13 1
59 6 1
44 62 1
26 12 1
75 58 1
49 60 1
75 19 1
18 15 1
18 71 1
31 42 1
32 13 1
40 33 1
68 37 1
8 29 1
72 32 1
19 71 1
53 55 1
34 17 1
5 19 1
37 27 1
24 73 1
63 28 1
13 44 1
47 63 1
16 69 1
56 51 1
23 50 1
6 14 1
51 25 1
49 8 1
41 47 1
36 42 1
72 56 1
50 47 1
69 12 1
17 59 1
10 73 1
22 70 1
2 25 1
1 60 1
19 49 1
34 60 1
47 75 1
32 61 1
47 44 1
32 18 1
66 73 1
51 17 1
52 68 1
55 24 1
40 73 1
61 2 1
7 14 1
11 58 1
39 42 1
58 4 1
46 52 1
49 71 1
22 38 1
19 45 1
72 28 1
19 73 1
68 50 1
37 21 1
11 70 1
3 20 1
37 23 1
32 10 1
67 15 1
67 54 1
36 73 1
43 41 1
45 26 1
53 21 1
35 45 1
2 66 1
17 69 1
42 30 1
64 30 1
51 9 1
10 19 1
0 2 1
62 69 1
75 43 1
24 54 1
69 22 1
40 69 1
35 75 1
69 32 1
22 66 1
28 19 1
69 59 1
49 33 1
31 6 1
15 43 1
39 31 1
0 49 1
65 21 1
7 75 1
61 1 1
24 72 1
52 15 1
72 14 1
34 7 1
22 42 1
26 58 1
31 29 1
36 58 1
34 23 1
44 50 1
35 31 1
37 53 1
10 50 1
27 62 1
40 43 1
30 0 1
2 16 1
50 27 1
33 51 1
65 6 1
8 2 1
63 55 1
39 53 1
62 39 1
39 26 1
26 62 1
45 8 1
23 33 1
27 40 1
28 52 1
13 5 1
58 16 1
53 46 1
72 68 1
24 69 1
66 31 1
5 24 1
63 20 1
55 49 1
8 56 1
31 27 1
58 69 1
55 41 1
65 40 1
8 43 1
13 1 1
26 53 1
69 53 1
72 0 1
20 38 1
74 7 1
64 55 1
7 49 1
35 16 1
3 71 1
49 39 1
43 12 1
69 36 1
59 54 1
51 34 1
38 1 1
37 25 1
44 17 1
36 75 1
73 60 1
25 28 1
64 29 1
64 7 1
61 51 1
23 8 1
43 5 1
28 53 1
65 52 1
5 69 1
37 60 1
69 57 1
22 63 1
47 24 1
58 18 1
47 4 1
27 58 1
28 18 1
71 34 1
6 20 1
74 17 1
0 16 1
34 75 1
30 12 1
68 66 1
54 12 1
36 25 1
57 40 1
65 12 1
53 2 1
51 11 1
41 13 1
9 24 1
41 52 1
43 48 1
18 70 1
17 2 1
0 39 1
55 14 1
49 63 1
4 24 1
4 43 1
39 65 1
16 8 1
18 60 1
6 57 1
50 22 1
20 2 1
26 4 1
38 30 1
46 57 1
21 61 1
45 1 1
21 27 1
3 25 1
56 44 1
42 19 1
19 17 1
1 68 1
33 36 1
69 34 1
46 28 1
8 60 1
43 24 1
67 62 1
13 6 1
60 69 1
24 19 1
21 54 1
54 26 1
60 42 1
56 52 1
4 64 1
70 14 1
61 73 1
9 31 1
64 60 1
35 37 1
55 11 1
5 16 1
24 13 1
65 35 1
8 35 1
3 40 1
35 21 1
20 58 1
28 10 1
65 31 1
74 21 1
60 11 1
7 72 1
17 22 1
4 54 1
31 3 1
71 28 1
74 9 1
45 60 1
34 40 1
30 11 1
36 72 1
28 50 1
23 73 1
5 47 1
46 60 1
34 54 1
11 32 1
51 8 1
0 55 1
8 70 1
64 14 1
55 52 1
38 74 1
55 42 1
46 25 1
73 7 1
0 33 1
9 63 1
57 27 1
51 28 1
19 54 1
30 49 1
17 55 1
4 25 1
61 8 1
74 14 1
22 15 1
72 12 1
64 43 1
35 6 1
63 18 1
27 13 1
32 59 1
6 8 1
3 63 1
22 74 1
2 39 1
46 71 1
20 33 1
43 55 1
31 61 1
56 36 1
73 16 1
61 43 1
52 18 1
59 33 1
60 75 1
25 57 1
68 64 1
49 57 1
75 26 1
43 1 1
53 5 1
61 57 1
46 37 1
41 5 1
56 27 1
17 58 1
36 71 23
0 1 1
1 2 1
2 3 1
3 4 1
4 5 1
5 6 1
6 7 1
7 8 1
8 9 1
9 10 1
10 11 1
11 12 1
12 13 1
13 14 1
14 15 1
15 16 1
16 17 1
17 18 1
18 19 1
19 20 1
20 21 1
21 22 1
22 23 1
23 24 1
24 25 1
25 26 1
26 27 1
27 28 1
28 29 1
29 30 1
30 31 1
31 32 1
32 33 1
33 34 1
34 35 1
35 0 1
18 26 1
17 21 1
33 19 1
8 14 1
29 4 1
1 29 1
28 17 1
20 24 1
28 3 1
7 19 1
0 26 1
2 10 1
11 18 1
17 30 1
3 25 1
31 17 1
6 31 1
11 17 1
5 22 1
9 1 1
6 11 1
12 33 1
15 34 1
26 33 1
3 14 1
14 35 1
20 9 1
17 33 1
22 12 1
13 32 1
22 15 1
3 8 1
24 19 1
1 21 1
6 22 1
28 60 12
0 1 1
1 2 1
2 3 1
3 4 1
4 5 1
5 6 1
6 7 1
7 8 1
8 9 1
9 10 1
10 11 1
11 12 1
12 13 1
13 14 1
14 15 1
15 16 1
16 17 1
17 18 1
18 19 1
19 20 1
20 21 1
21 22 1
22 23 1
23 24 1
24 25 1
25 26 1
26 27 1
27 0 1
2 6 1
25 22 1
7 16 1
15 5 1
8 16 1
7 26 1
2 12 1
13 17 1
20 0 1
15 10 1
7 5 1
23 1 1
26 23 1
7 22 1
11 25 1
5 23 1
15 23 1
20 23 1
13 21 1
19 14 1
0 4 1
1 26 1
13 9 1
10 12 1
13 7 1
25 1 1
7 0 1
27 2 1
21 23 1
15 21 1
18 22 1
19 5 1
45 275 42
0 1 1
1 2 1
2 3 1
3 4 1
4 5 1
5 6 1
6 7 1
7 8 1
8 9 1
9 10 1
10 11 1
11 12 1
12 13 1
13 14 1
14 15 1
15 16 1
16 17 1
17 18 1
18 19 1
19 20 1
20 21 1
21 22 1
22 23 1
23 24 1
24 25 1
25 26 1
26 27 1
27 28 1
28 29 1
29 30 1
30 31 1
31 32 1
32 33 1
33 34 1
34 35 1
35 36 1
36 37 1
37 38 1
38 39 1
39 40 1
40 41 1
41 42 1
42 43 1
43 44 1
44 0 1
1 17 1
25 18 1
21 3 1
37 23 1
3 43 1
29 23 1
1 3 1
3 26 1
35 2 1
5 36 1
3 19 1
24 10 1
27 32 1
13 31 1
17 6 1
42 20 1
19 15 1
8 16 1
25 4 1
29 8 1
22 28 1
30 7 1
13 0 1
23 38 1
27 22 1
2 28 1
21 2 1
22 36 1
23 21 1
31 43 1
35 13 1
24 5 1
40 35 1
16 35 1
32 14 1
15 11 1
24 34 1
9 34 1
8 26 1
30 28 1
33 26 1
3 34 1
0 31 1
19 35 1
20 16 1
6 1 1
31 16 1
37 16 1
22 9 1
19 42 1
30 19 1
15 5 1
7 2 1
22 8 1
9 40 1
0 40 1
38 40 1
23 12 1
25 5 1
38 16 1
11 0 1
6 24 1
44 34 1
20 10 1
10 44 1
1 21 1
12 44 1
23 26 1
38 42 1
38 29 1
15 4 1
17 11 1
39 35 1
32 10 1
39 25 1
9 32 1
14 44 1
13 21 1
1 13 1
20 5 1
27 10 1
14 40 1
25 21 1
22 38 1
41 0 1
2 39 1
27 21 1
29 22 1
38 6 1
1 12 1
21 43 1
43 33 1
33 2 1
26 43 1
14 41 1
3 12 1
11 5 1
22 19 1
37 30 1
36 24 1
24 0 1
42 2 1
5 39 1
42 37 1
1 39 1
42 33 1
0 20 1
36 26 1
41 44 1
25 2 1
24 42 1
2 29 1
33 5 1
29 40 1
23 19 1
26 38 1
5 30 1
43 23 1
37 12 1
11 8 1
3 30 1
8 13 1
17 2 1
13 34 1
20 28 1
20 41 1
32 17 1
10 33 1
0 32 1
35 11 1
24 26 1
37 32 1
1 26 1
31 14 1
40 30 1
11 25 1
4 31 1
42 22 1
19 41 1
36 21 1
44 3 1
18 13 1
11 44 1
11 22 1
41 38 1
22 3 1
27 25 1
33 1 1
0 27 1
2 31 1
4 36 1
10 18 1
38 14 1
11 32 1
29 20 1
40 20 1
36 20 1
41 15 1
44 6 1
32 36 1
14 1 1
36 18 1
30 42 1
34 36 1
28 41 1
7 10 1
7 29 1
44 42 1
18 29 1
5 40 1
29 34 1
24 21 1
36 2 1
12 4 1
0 33 1
36 16 1
22 7 1
15 27 1
40 23 1
27 35 1
43 12 1
26 6 1
17 27 1
4 19 1
8 17 1
41 5 1
15 40 1
33 31 1
7 16 1
28 7 1
42 23 1
20 6 1
2 32 1
21 9 1
36 10 1
19 0 1
23 28 1
1 5 1
17 29 1
14 33 1
35 43 1
17 19 1
21 17 1
15 9 1
2 4 1
21 8 1
35 37 1
42 32 1
38 11 1
24 8 1
12 19 1
4 20 1
34 27 1
34 40 1
40 7 1
5 31 1
44 16 1
17 33 1
16 12 1
18 37 1
26 12 1
25 16 1
5 26 1
17 36 1
41 7 1
10 3 1
24 19 1
6 8 1
17 28 1
16 24 1
74 152 38
0 1 1
1 2 1
2 3 1
3 4 1
4 5 1
5 6 1
6 7 1
7 8 1
8 9 1
9 10 1
10 11 1
11 12 1
12 13 1
13 14 1
14 15 1
15 16 1
16 17 1
17 18 1
18 19 1
19 20 1
20 21 1
21 22 1
22 23 1
23 24 1
24 25 1
25 26 1
26 27 1
27 28 1
28 29 1
29 30 1
30 31 1
31 32 1
32 33 1
33 34 1
34 35 1
35 36 1
36 37 1
37 38 1
38 39 1
39 40 1
40 41 1
41 42 1
42 43 1
43 44 1
44 45 1
45 46 1
46 47 1
47 48 1
48 49 1
49 50 1
50 51 1
51 52 1
52 53 1
53 54 1
54 55 1
55 56 1
56 57 1
57 58 1
58 59 1
59 60 1
60 61 1
61 62 1
62 63 1
63 64 1
64 65 1
65 66 1
66 67 1
67 68 1
68 69 1
69 70 1
70 71 1
71 72 1
72 73 1
73 0 1
64 59 1
3 31 1
63 55 1
46 11 1
72 41 1
72 69 1
40 63 1
31 20 1
60 18 1
37 11 1
2 15 1
68 34 1
25 10 1
8 58 1
44 39 1
56 18 1
40 35 1
21 49 1
67 17 1
7 28 1
44 62 1
40 7 1
26 67 1
61 21 1
9 12 1
42 32 1
70 8 1
15 57 1
70 30 1
6 10 1
24 56 1
37 4 1
45 20 1
14 30 1
24 43 1
62 53 1
13 5 1
45 68 1
72 50 1
67 7 1
13 71 1
27 64 1
66 6 1
63 33 1
6 14 1
62 24 1
12 34 1
3 6 1
71 20 1
38 15 1
68 46 1
68 14 1
71 54 1
67 0 1
30 62 1
68 19 1
37 29 1
63 69 1
12 48 1
44 32 1
34 7 1
0 31 1
24 21 1
60 71 1
41 51 1
59 11 1
6 36 1
2 31 1
50 20 1
73 45 1
39 62 1
16 32 1
35 11 1
23 45 1
53 51 1
68 39 1
24 72 1
59 40 1
9 18 1
0 1 1
1 2 1
2 3 1
3 4 1
4 5 1
5 6 1
6 7 1
7 8 1
8 0 1
6 1 1
8 5 1
6 4 1
5 2 1
0 3 1
4 8 1
7 3 1
3 6 1
0 2 1
70 264 37
0 1 1
1 2 1
2 3 1
3 4 1
4 5 1
5 6 1
6 7 1
7 8 1
8 9 1
9 10 1
10 11 1
11 12 1
12 13 1
13 14 1
14 15 1
15 16 1
16 17 1
17 18 1
18 19 1
19 20 1
20 21 1
21 22 1
22 23 1
23 24 1
24 25 1
25 26 1
26 27 1
27 28 1
28 29 1
29 30 1
30 31 1
31 32 1
32 33 1
33 34 1
34 35 1
35 36 1
36 37 1
37 38 1
38 39 1
39 40 1
40 41 1
41 42 1
42 43 1
43 44 1
44 45 1
45 46 1
46 47 1
47 48 1
48 49 1
49 50 1
50 51 1
51 52 1
52 53 1
53 54 1
54 55 1
55 56 1
56 57 1
57 58 1
58 59 1
59 60 1
60 61 1
61 62 1
62 63 1
63 64 1
64 65 1
65 66 1
66 67 1
67 68 1
68 69 1
69 0 1
46 1 1
42 66 1
43 3 1
12 19 1
22 17 1
56 31 1
6 58 1
42 37 1
45 13 1
62 13 1
20 17 1
38 15 1
29 65 1
52 64 1
31 29 1
55 26 1
26 14 1
7 53 1
39 53 1
25 6 1
22 12 1
52 50 1
22 60 1
24 45 1
0 45 1
37 47 1
30 20 1
45 20 1
18 30 1
1 14 1
27 33 1
12 24 1
65 11 1
65 40 1
21 65 1
20 32 1
67 40 1
53 65 1
22 67 1
53 61 1
57 37 1
61 25 1
8 66 1
2 51 1
68 64 1
25 15 1
8 17 1
6 48 1
4 29 1
68 56 1
1 26 1
66 68 1
39 43 1
16 41 1
63 52 1
37 48 1
26 33 1
1 64 1
30 47 1
51 4 1
34 29 1
21 15 1
47 64 1
64 21 1
3 58 1
25 46 1
57 27 1
36 34 1
56 28 1
40 43 1
43 2 1
18 65 1
54 33 1
44 54 1
12 50 1
28 2 1
4 11 1
20 68 1
45 40 1
68 12 1
1 69 1
56 38 1
47 59 1
20 67 1
62 50 1
44 53 1
3 17 1
39 36 1
51 45 1
27 21 1
34 48 1
21 46 1
42 31 1
13 26 1
30 42 1
12 9 1
49 26 1
27 64 1
15 1 1
41 34 1
35 37 1
43 20 1
7 40 1
60 53 1
9 63 1
2 8 1
50 26 1
35 26 1
57 46 1
49 44 1
17 37 1
49 51 1
66 22 1
51 13 1
68 18 1
57 47 1
44 3 1
33 53 1
5 49 1
63 59 1
32 56 1
52 32 1
28 15 1
7 59 1
21 57 1
2 67 1
2 35 1
12 31 1
3 49 1
4 28 1
11 28 1
35 17 1
43 61 1
15 51 1
32 6 1
41 62 1
21 41 1
3 16 1
50 14 1
25 65 1
5 3 1
27 17 1
40 17 1
35 65 1
29 48 1
47 45 1
22 5 1
37 63 1
21 59 1
7 9 1
52 44 1
31 18 1
60 2 1
55 1 1
34 4 1
68 30 1
2 6 1
32 40 1
46 49 1
51 62 1
11 56 1
35 45 1
34 21 1
9 40 1
41 31 1
23 39 1
46 34 1
2 25 1
9 21 1
29 50 1
43 13 1
9 17 1
22 8 1
47 68 1
25 3 1
28 9 1
66 54 1
1 54 1
9 39 1
46 13 1
27 8 1
33 67 1
33 23 1
28 16 1
36 8 1
39 45 1
37 1 1
26 18 1
21 39 1
38 43 1
66 2 1
43 58 1
23 29 1
34 5 1
69 308 48
0 1 1
1 2 1
2 3 1
3 4 1
4 5 1
5 6 1
6 7 1
7 8 1
8 9 1
9 10 1
10 11 1
11 12 1
12 13 1
13 14 1
14 15 1
15 16 1
16 17 1
17 18 1
18 19 1
19 20 1
20 21 1
21 22 1
22 23 1
23 24 1
24 25 1
25 26 1
26 27 1
27 28 1
28 29 1
29 30 1
30 31 1
31 32 1
32 33 1
33 34 1
34 35 1
35 36 1
36 37 1
37 38 1
38 39 1
39 40 1
40 41 1
41 42 1
42 43 1
43 44 1
44 45 1
45 46 1
46 47 1
47 48 1
48 49 1
49 50 1
50 51 1
51 52 1
52 53 1
53 54 1
54 55 1
55 56 1
56 57 1
57 58 1
58 59 1
59 60 1
60 61 1
61 62 1
62 63 1
63 64 1
64 65 1
65 66 1
66 67 1
67 68 1
68 0 1
63 46 1
49 64 1
60 56 1
15 23 1
67 26 1
37 34 1
20 33 1
54 19 1
40 20 1
20 50 1
39 67 1
16 62 1
57 53 1
24 3 1
19 29 1
41 24 1
23 12 1
66 24 1
3 12 1
3 63 1
27 42 1
61 52 1
0 32 1
46 38 1
31 44 1
7 64 1
38 5 1
53 34 1
51 6 1
65 28 1
64 62 1
53 58 1
46 11 1
13 62 1
16 60 1
67 54 1
29 13 1
7 16 1
1 48 1
27 52 1
42 37 1
51 60 1
28 12 1
31 36 1
8 6 1
37 67 1
22 40 1
31 47 1
24 9 1
28 51 1
51 40 1
19 61 1
26 61 1
23 32 1
44 11 1
8 20 1
36 53 1
24 17 1
29 9 1
20 41 1
21 34 1
30 43 1
19 59 1
10 0 1
10 49 1
33 68 1
56 63 1
34 30 1
63 31 1
15 1 1
7 3 1
24 0 1
64 39 1
30 65 1
55 34 1
61 21 1
49 8 1
37 7 1
26 7 1
0 20 1
63 43 1
2 5 1
28 62 1
20 46 1
34 40 1
34 65 1
14 53 1
17 9 1
23 52 1
41 25 1
17 51 1
8 31 1
68 40 1
61 42 1
48 54 1
41 14 1
3 53 1
17 20 1
18 67 1
0 37 1
40 32 1
27 46 1
44 41 1
16 9 1
55 51 1
43 11 1
56 65 1
54 29 1
24 22 1
26 20 1
61 49 1
61 48 1
31 60 1
37 39 1
17 1 1
55 57 1
65 39 1
56 21 1
15 28 1
48 37 1
58 19 1
6 9 1
20 25 1
57 18 1
33 38 1
7 68 1
40 25 1
1 40 1
5 19 1
37 18 1
0 64 1
5 45 1
3 29 1
37 30 1
56 13 1
25 8 1
61 12 1
11 39 1
10 33 1
31 67 1
12 26 1
30 27 1
9 50 1
26 6 1
3 17 1
56 32 1
21 9 1
55 13 1
29 6 1
55 0 1
58 27 1
48 4 1
47 44 1
5 7 1
46 33 1
25 14 1
4 18 1
29 62 1
0 25 1
60 66 1
45 58 1
32 37 1
37 16 1
66 14 1
21 47 1
25 54 1
14 60 1
64 15 1
17 52 1
7 2 1
59 51 1
40 60 1
53 42 1
37 29 1
47 36 1
3 40 1
29 10 1
32 59 1
65 3 1
46 42 1
14 51 1
51 7 1
58 26 1
36 14 1
17 8 1
23 51 1
63 57 1
20 58 1
38 35 1
65 2 1
19 62 1
2 9 1
2 36 1
13 42 1
61 23 1
4 64 1
12 68 1
49 4 1
26 54 1
55 9 1
11 66 1
39 42 1
54 56 1
35 40 1
42 22 1
60 41 1
48 22 1
35 55 1
52 60 1
45 40 1
58 64 1
24 40 1
31 2 1
63 29 1
56 26 1
64 55 1
6 67 1
34 67 1
65 52 1
27 48 1
3 45 1
2 41 1
34 5 1
66 50 1
28 10 1
2 59 1
31 46 1
31 34 1
32 16 1
2 52 1
51 11 1
45 56 1
62 5 1
41 11 1
44 62 1
55 7 1
44 18 1
11 55 1
54 58 1
44 206 24
0 1 1
1 2 1
2 3 1
3 4 1
4 5 1
5 6 1
6 7 1
7 8 1
8 9 1
9 10 1
10 11 1
11 12 1
12 13 1
13 14 1
14 15 1
15 16 1
16 17 1
17 18 1
18 19 1
19 20 1
20 21 1
21 22 1
22 23 1
23 24 1
24 25 1
25 26 1
26 27 1
27 28 1
28 29 1
29 30 1
30 31 1
31 32 1
32 33 1
33 34 1
34 35 1
35 36 1
36 37 1
37 38 1
38 39 1
39 40 1
40 41 1
41 42 1
42 43 1
43 0 1
21 18 1
19 25 1
17 27 1
37 1 1
14 25 1
19 35 1
14 9 1
37 28 1
0 29 1
11 41 1
3 6 1
11 21 1
26 38 1
23 37 1
25 22 1
39 1 1
0 40 1
41 26 1
31 4 1
8 3 1
31 19 1
4 29 1
2 41 1
17 11 1
15 28 1
7 22 1
7 34 1
4 33 1
33 26 1
37 34 1
38 12 1
3 43 1
10 7 1
13 29 1
34 0 1
36 40 1
32 9 1
11 7 1
0 39 1
38 20 1
38 6 1
25 17 1
43 1 1
5 38 1
1 36 1
29 19 1
24 21 1
13 19 1
38 35 1
15 4 1
9 42 1
28 25 1
23 39 1
2 33 1
34 6 1
17 34 1
14 1 1
30 14 1
18 29 1
20 18 1
4 32 1
11 28 1
9 20 1
25 32 1
4 22 1
35 20 1
40 4 1
20 17 1
34 13 1
9 26 1
37 16 1
1 32 1
2 29 1
37 27 1
32 26 1
20 36 1
10 29 1
30 40 1
3 20 1
23 0 1
31 2 1
8 21 1
26 1 1
41 16 1
35 24 1
16 3 1
1 5 1
4 39 1
34 15 1
12 40 1
25 34 1
4 16 1
38 11 1
4 36 1
19 30 1
17 29 1
0 17 1
39 27 1
13 27 1
23 4 1
20 31 1
3 31 1
17 26 1
33 5 1
2 24 1
37 24 1
5 28 1
27 4 1
43 33 1
17 4 1
39 20 1
26 40 1
15 35 1
12 10 1
1 10 1
39 19 1
22 39 1
12 3 1
22 8 1
23 3 1
21 42 1
42 20 1
32 11 1
19 11 1
25 15 1
34 24 1
21 32 1
37 6 1
9 12 1
27 24 1
3 39 1
26 22 1
5 22 1
39 16 1
6 40 1
32 13 1
25 20 1
9 31 1
37 10 1
29 34 1
13 3 1
37 29 1
39 33 1
4 43 1
40 23 1
7 29 1
1 12 1
5 11 1
9 38 1
13 25 1
6 9 1
1 25 1
13 24 1
22 13 1
35 26 1
35 17 1
3 5 1
22 36 1
8 25 1
41 38 1
33 23 1
4 0 1
27 51 17
0 1 1
1 2 1
2 3 1
3 4 1
4 5 1
5 6 1
6 7 1
7 8 1
8 9 1
9 10 1
10 11 1
11 12 1
12 13 1
13 14 1
14 15 1
15 16 1
16 17 1
17 18 1
18 19 1
19 20 1
20 21 1
21 22 1
22 23 1
23 24 1
24 25 1
25 26 1
26 0 1
21 2 1
9 12 1
24 21 1
23 15 1
3 15 1
25 14 1
19 12 1
16 14 1
15 19 1
8 5 1
24 0 1
7 4 1
3 7 1
17 14 1
12 18 1
25 11 1
2 5 1
5 10 1
4 10 1
25 9 1
26 11 1
3 0 1
24 22 1
0 13 1
25 50 7
0 1 1
1 2 1
2 3 1
3 4 1
4 5 1
5 6 1
6 7 1
7 8 1
8 9 1
9 10 1
10 11 1
11 12 1
12 13 1
13 14 1
14 15 1
15 16 1
16 17 1
17 18 1
18 19 1
19 20 1
20 21 1
21 22 1
22 23 1
23 24 1
24 0 1
16 10 1
16 8 1
7 13 1
17 13 1
5 14 1
10 12 1
14 4 1
17 1 1
19 4 1
7 22 1
17 3 1
24 19 1
24 11 1
18 11 1
24 8 1
17 19 1
5 10 1
20 3 1
24 21 1
20 12 1
21 9 1
14 11 1
12 4 1
11 15 1
16 3 1
35 181 31
0 1 1
1 2 1
2 3 1
3 4 1
4 5 1
5 6 1
6 7 1
7 8 1
8 9 1
9 10 1
10 11 1
11 12 1
12 13 1
13 14 1
14 15 1
15 16 1
16 17 1
17 18 1
18 19 1
19 20 1
20 21 1
21 22 1
22 23 1
23 24 1
24 25 1
25 26 1
26 27 1
27 28 1
28 29 1
29 30 1
30 31 1
31 32 1
32 33 1
33 34 1
34 0 1
7 5 1
4 32 1
26 24 1
31 6 1
11 21 1
24 29 1
22 6 1
16 7 1
13 34 1
9 33 1
30 13 1
6 25 1
3 19 1
14 25 1
23 32 1
30 34 1
29 32 1
31 18 1
26 9 1
1 10 1
30 9 1
22 8 1
16 31 1
23 6 1
15 27 1
18 5 1
26 2 1
19 32 1
0 9 1
9 4 1
22 24 1
0 33 1
15 18 1
14 28 1
24 1 1
34 4 1
22 1 1
9 6 1
2 6 1
30 11 1
16 18 1
12 30 1
3 1 1
19 34 1
0 7 1
2 34 1
28 22 1
27 9 1
23 25 1
16 28 1
8 23 1
21 24 1
29 10 1
26 33 1
11 22 1
19 31 1
16 14 1
9 12 1
23 12 1
3 7 1
6 27 1
27 12 1
21 4 1
30 2 1
16 10 1
23 7 1
5 34 1
27 1 1
14 17 1
14 7 1
31 7 1
1 11 1
27 3 1
16 1 1
23 13 1
29 27 1
6 19 1
29 6 1
11 7 1
17 6 1
28 11 1
12 31 1
28 10 1
32 2 1
0 15 1
12 3 1
30 7 1
9 1 1
19 2 1
33 31 1
2 22 1
9 7 1
10 26 1
14 10 1
7 12 1
31 11 1
31 4 1
8 26 1
2 14 1
10 19 1
11 25 1
10 33 1
34 16 1
1 31 1
4 16 1
0 27 1
14 12 1
31 22 1
27 21 1
30 24 1
17 3 1
27 13 1
8 13 1
34 28 1
19 26 1
23 16 1
0 32 1
29 13 1
21 29 1
3 21 1
4 29 1
18 27 1
5 26 1
8 10 1
7 10 1
12 2 1
23 5 1
10 17 1
16 24 1
7 22 1
20 13 1
25 8 1
7 4 1
19 16 1
33 14 1
23 31 1
10 12 1
12 25 1
22 0 1
3 20 1
10 15 1
2 4 1
22 13 1
9 24 1
28 21 1
33 17 1
40 74 28
0 1 1
1 2 1
2 3 1
3 4 1
4 5 1
5 6 1
6 7 1
7 8 1
8 9 1
9 10 1
10 11 1
11 12 1
12 13 1
13 14 1
14 15 1
15 16 1
16 17 1
17 18 1
18 19 1
19 20 1
20 21 1
21 22 1
22 23 1
23 24 1
24 25 1
25 26 1
26 27 1
27 28 1
28 29 1
29 30 1
30 31 1
31 32 1
32 33 1
33 34 1
34 35 1
35 36 1
36 37 1
37 38 1
38 39 1
39 0 1
8 27 1
32 30 1
24 22 1
11 32 1
18 36 1
3 17 1
36 19 1
4 27 1
10 8 1
24 14 1
26 18 1
15 34 1
9 5 1
2 5 1
34 28 1
21 13 1
26 7 1
9 37 1
8 6 1
27 12 1
13 35 1
19 3 1
28 9 1
29 34 1
11 9 1
19 16 1
18 3 1
27 34 1
34 11 1
5 38 1
24 10 1
0 16 1
33 7 1
16 37 1
31 66 23
0 1 1
1 2 1
2 3 1
3 4 1
4 5 1
5 6 1
6 7 1
7 8 1
8 9 1
9 10 1
10 11 1
11 12 1
12 13 1
13 14 1
14 15 1
15 16 1
16 17 1
17 18 1
18 19 1
19 20 1
20 21 1
21 22 1
22 23 1
23 24 1
24 25 1
25 26 1
26 27 1
27 28 1
28 29 1
29 30 1
30 0 1
17 12 1
23 0 1
2 25 1
29 21 1
1 16 1
13 7 1
14 28 1
0 16 1
12 22 1
16 26 1
28 1 1
12 7 1
27 29 1
8 14 1
10 27 1
1 4 1
28 6 1
3 11 1
11 27 1
22 7 1
27 24 1
17 14 1
19 14 1
6 17 1
0 25 1
3 10 1
9 5 1
13 4 1
19 30 1
15 1 1
30 14 1
1 9 1
26 23 1
10 25 1
4 19 1
53 214 20
0 1 1
1 2 1
2 3 1
3 4 1
4 5 1
5 6 1
6 7 1
7 8 1
8 9 1
9 10 1
10 11 1
11 12 1
12 13 1
13 14 1
14 15 1
15 16 1
16 17 1
17 18 1
18 19 1
19 20 1
20 21 1
21 22 1
22 23 1
23 24 1
24 25 1
25 26 1
26 27 1
27 28 1
28 29 1
29 30 1
30 31 1
31 32 1
32 33 1
33 34 1
34 35 1
35 36 1
36 37 1
37 38 1
38 39 1
39 40 1
40 41 1
41 42 1
42 43 1
43 44 1
44 45 1
45 46 1
46 47 1
47 48 1
48 49 1
49 50 1
50 51 1
51 52 1
52 0 1
34 37 1
0 3 1
19 13 1
32 36 1
33 7 1
27 42 1
35 13 1
41 20 1
24 33 1
24 52 1
4 49 1
30 17 1
32 15 1
51 23 1
46 43 1
18 11 1
16 19 1
34 23 1
42 14 1
2 14 1
30 27 1
47 10 1
34 45 1
15 6 1
38 29 1
17 27 1
40 10 1
43 38 1
40 19 1
18 6 1
31 12 1
5 2 1
28 49 1
46 25 1
46 6 1
40 8 1
22 41 1
23 1 1
42 28 1
25 19 1
47 41 1
35 33 1
3 39 1
36 31 1
23 44 1
50 14 1
31 19 1
11 4 1
42 32 1
20 9 1
24 38 1
1 25 1
3 11 1
44 51 1
51 24 1
11 51 1
17 6 1
10 7 1
16 20 1
20 43 1
31 41 1
36 9 1
25 34 1
49 21 1
49 39 1
43 34 1
51 21 1
26 15 1
38 44 1
40 3 1
26 24 1
37 47 1
36 13 1
8 15 1
41 38 1
3 47 1
9 41 1
6 41 1
36 50 1
21 0 1
27 52 1
28 33 1
18 51 1
20 27 1
23 12 1
6 28 1
16 21 1
16 43 1
19 15 1
6 35 1
40 34 1
29 15 1
27 3 1
3 20 1
52 44 1
0 29 1
42 5 1
39 16 1
37 0 1
50 0 1
42 8 1
34 15 1
22 46 1
18 24 1
43 8 1
45 9 1
17 44 1
17 51 1
18 37 1
21 23 1
16 48 1
11 23 1
38 3 1
48 19 1
0 15 1
16 49 1
23 7 1
48 32 1
8 18 1
30 13 1
51 42 1
9 6 1
35 10 1
39 26 1
21 52 1
10 26 1
48 25 1
27 8 1
29 10 1
2 22 1
24 28 1
21 31 1
17 43 1
26 14 1
4 22 1
5 43 1
17 4 1
47 21 1
14 24 1
32 17 1
3 41 1
18 21 1
22 15 1
4 48 1
51 4 1
16 2 1
6 19 1
40 33 1
29 13 1
51 6 1
22 45 1
24 40 1
20 17 1
39 42 1
30 41 1
23 46 1
8 3 1
50 44 1
25 22 1
49 45 1
14 9 1
43 154 30
0 1 1
1 2 1
2 3 1
3 4 1
4 5 1
5 6 1
6 7 1
7 8 1
8 9 1
9 10 1
10 11 1
11 12 1
12 13 1
13 14 1
14 15 1
15 16 1
16 17 1
17 18 1
18 19 1
19 20 1
20 21 1
21 22 1
22 23 1
23 24 1
24 25 1
25 26 1
26 27 1
27 28 1
28 29 1
29 30 1
30 31 1
31 32 1
32 33 1
33 34 1
34 35 1
35 36 1
36 37 1
37 38 1
38 39 1
39 40 1
40 41 1
41 42 1
42 0 1
25 21 1
33 37 1
4 42 1
26 7 1
36 28 1
13 32 1
5 13 1
18 34 1
7 16 1
34 28 1
8 16 1
6 39 1
15 41 1
14 31 1
32 9 1
11 23 1
20 26 1
23 18 1
27 33 1
6 36 1
39 15 1
4 31 1
32 12 1
2 25 1
27 41 1
38 35 1
24 15 1
23 5 1
36 13 1
15 21 1
39 2 1
2 12 1
37 39 1
11 1 1
37 28 1
17 14 1
25 42 1
8 3 1
15 26 1
25 14 1
25 16 1
23 4 1
33 6 1
5 32 1
15 40 1
2 9 1
7 17 1
42 18 1
11 4 1
7 32 1
5 26 1
3 9 1
7 27 1
29 8 1
39 8 1
28 0 1
3 23 1
16 33 1
17 12 1
8 10 1
30 27 1
1 24 1
41 38 1
33 1 1
27 8 1
18 27 1
27 20 1
39 16 1
7 5 1
24 27 1
25 6 1
17 22 1
25 39 1
10 40 1
16 35 1
25 30 1
38 9 1
28 10 1
14 6 1
14 7 1
7 33 1
1 3 1
18 36 1
18 14 1
35 27 1
24 37 1
18 29 1
7 4 1
21 29 1
31 25 1
33 38 1
12 31 1
21 31 1
13 2 1
31 0 1
19 28 1
6 42 1
21 28 1
28 6 1
42 1 1
14 23 1
38 20 1
35 13 1
39 36 1
23 29 1
13 27 1
2 27 1
17 28 1
5 8 1
15 23 1
22 40 1